469,1971,508,1971,508,1997,469,1997,do
415,1969,463,1969,463,1998,415,1998,thé
513,1966,567,1966,567,1994,513,1994,mắt
66,1926,142,1926,142,1952,66,1952,Anna
205,1922,244,1922,244,1949,205,1949,số
355,1920,411,1920,411,1951,355,1951,bạn
294,1921,347,1921,347,1946,294,1946,cho
248,1922,289,1922,289,1948,248,1948,Bh
147,1921,199,1921,199,1950,147,1950,vẫn
545,1922,606,1922,606,1942,545,1942,xeri
478,1918,539,1918,539,1948,478,1948,long
425,1918,471,1918,471,1946,425,1946,Vui
866,1918,917,1918,917,1939,866,1939,sau
665,1916,736,1916,736,1946,665,1946,dung
613,1917,659,1917,659,1946,613,1946,ĐỘI
793,1914,858,1914,858,1944,793,1944,phia
743,1914,791,1914,791,1942,743,1942,BH
237,1876,296,1876,296,1900,237,1900,may
139,1868,229,1868,229,1900,139,1900,chắng
75,1868,135,1868,135,1898,75,1898,Nếu
304,1867,358,1867,358,1898,304,1898,bạn
363,1868,400,1868,400,1893,363,1893,có
404,1866,460,1866,460,1893,404,1893,tàm
525,1863,593,1863,593,1892,525,1892,kính
464,1863,522,1863,522,1891,464,1891,Mất
730,1861,804,1861,804,1891,730,1891,dùng
664,1863,723,1863,723,1887,664,1887,kint
601,1859,657,1859,657,1895,601,1895,gắy
843,1858,908,1858,908,1891,843,1891,lăng
811,1860,839,1860,839,1887,811,1887,a
216,1757,297,1757,297,1789,216,1789,Làm
477,1754,569,1754,569,1790,477,1790,Hoặc
581,1754,693,1754,693,1788,581,1788,không
452,1758,469,1758,469,1792,452,1792,1
365,1752,446,1752,446,1785,365,1785,nhất
304,1751,359,1751,359,1788,304,1788,tốt
702,1751,770,1751,770,1781,702,1781,làm
777,1751,817,1751,817,1788,777,1788,gi
821,1749,868,1749,868,1781,821,1781,cá
799,1600,876,1600,876,1633,799,1633,ngần
564,1600,648,1600,648,1629,564,1629,Nhàn
742,1600,792,1600,792,1628,742,1628,thu
659,1600,730,1600,730,1629,659,1629,viên:
883,1598,912,1598,912,1626,883,1626,xl
367,1507,417,1507,417,1545,367,1545,lại:
305,1507,359,1507,359,1542,305,1542,Dư
244,1460,350,1460,350,1488,244,1488,Khách
361,1459,417,1459,417,1487,361,1487,trả:
762,1452,912,1452,912,1486,762,1486,600.000)
507,1453,626,1453,626,1490,507,1490,chuyển
638,1452,752,1452,752,1485,638,1485,khoản:
462,1454,495,1454,495,1493,462,1493,(t
234,1404,326,1404,326,1447,234,1447,Tổng
333,1403,414,1403,414,1438,333,1438,tiền:
773,1402,908,1402,908,1435,773,1435,600.000
219,1360,305,1360,305,1390,219,1390,Chiết
124,1357,209,1357,209,1399,124,1399,Tổng
317,1356,413,1356,413,1388,317,1388,Khấu:
135,1310,234,1310,234,1342,135,1342,LOAN
310,1307,390,1307,390,1337,310,1337,CAO
245,1301,300,1301,300,1340,245,1340,SỐ
87,1290,101,1290,101,1315,87,1315,- A
569,1280,708,1280,708,1311,569,1311,300.000
767,1276,904,1276,904,1305,767,1305,600.000
526,1281,548,1281,548,1310,526,1310,N
184,1260,300,1260,300,1291,184,1291,CHEMI
131,1260,172,1260,172,1292,131,1292,M.
316,1258,389,1258,389,1287,316,1287,1.60
398,1255,479,1255,479,1291,398,1291,CẬN
599,1196,668,1196,668,1233,599,1233,GIÁ
793,1196,876,1196,876,1229,793,1229,TIÊN
58,1184,124,1184,124,1215,58,1215,ISTT
334,1178,389,1178,389,1213,334,1213,SP
508,1176,564,1176,564,1216,508,1216,SL
251,1176,327,1176,327,1213,251,1213,TÊN
704,1175,766,1175,766,1209,704,1209,CK
586,1152,674,1152,674,1181,586,1181,DON
771,1147,899,1147,899,1178,771,1178,THÀNH
52,1056,184,1056,184,1085,52,1085,KHUYEN
483,1060,548,1060,548,1077,483,1077,MUR
192,1058,251,1058,251,1089,192,1089,MẠI
321,1057,421,1057,421,1085,321,1085,những
257,1058,314,1058,314,1082,257,1082,cho
557,1053,632,1053,632,1083,557,1083,hàng
642,1052,706,1052,706,1082,642,1082,sau)
429,1050,475,1050,475,1080,429,1080,lần
47,1008,114,1008,114,1038,47,1038,Diện
121,1007,195,1007,195,1036,121,1036,thoạ
208,1005,378,1005,378,1030,208,1030,CONTERSION
599,1005,653,1005,653,1026,599,1026,cia
515,1001,592,1001,592,1030,515,1030,thoại
442,1001,506,1001,506,1032,442,1032,điện
660,999,719,999,719,1030,660,1030,bạn
380,997,434,997,434,1033,380,1033,(Só
763,998,889,998,889,1026,763,1026,Voucher
726,998,754,998,754,1025,726,1025,là
46,954,99,954,99,987,46,987,Địa
106,952,154,952,154,982,106,982,chỉ:
47,903,135,903,135,929,47,929,Khách
145,901,223,901,223,934,145,934,hàng
233,901,318,901,318,930,233,930,quỳnh
326,901,379,901,379,925,326,925,anh
359,796,454,796,454,828,359,828,Đơn
258,789,351,789,351,831,258,831,HÓA
467,788,554,788,554,828,467,828,BÁN
566,785,685,785,685,825,566,825,HÀNG
404,676,609,676,609,708,404,708,0978886634
332,678,389,678,389,706,332,706,ĐT:
244,628,305,628,305,666,244,666,Địa
316,630,380,630,380,657,316,657,chí:
607,626,697,626,697,660,607,660,Thủy
503,626,594,626,594,654,503,654,Xuân
452,627,495,627,495,656,452,656,10
391,621,443,621,443,658,391,658,Số
316,576,412,576,412,610,316,610,Kinh
515,574,625,574,625,606,515,606,Anna
425,566,505,566,505,609,425,609,Mắt
522,493,621,493,621,538,522,538,eyes
433,488,512,488,512,537,433,537,for
332,488,424,488,424,534,332,534,Gift
378,383,565,383,565,419,378,419,QUOQ