402,1480,458,1480,458,1504,402,1504,one
561,1474,646,1474,646,1513,561,1513,only.
471,1472,544,1472,544,1504,471,1504,hour
331,1467,387,1467,387,1501,331,1501,for
226,1466,315,1466,315,1500,226,1500,Valid
351,1429,527,1429,527,1460,351,1460,6882193056
405,1390,512,1390,512,1417,405,1417,access
527,1387,617,1387,617,1419,527,1419,code
315,1380,387,1380,387,1413,315,1413,wifi
225,1377,300,1377,300,1412,225,1412,Free
547,1299,638,1299,638,1337,547,1337,today
410,1298,529,1298,529,1327,410,1327,invoice
332,1292,391,1292,391,1326,332,1326,VAT
261,1290,319,1290,319,1326,261,1326,the
423,1258,478,1258,478,1285,423,1285,our
600,1255,656,1255,656,1290,600,1290,for
494,1254,584,1254,584,1286,494,1286,staff
351,1248,412,1248,412,1285,351,1285,ask
230,1247,336,1247,336,1279,230,1279,Please
459,1209,529,1209,529,1245,459,1245,you
355,1205,445,1205,445,1240,355,1240,Thank
200,1069,257,1069,257,1104,200,1104,tax
62,1067,186,1067,186,1103,62,1103,Include
587,1011,834,1011,834,1083,587,1083,205,000
62,954,185,954,185,987,62,987,Payment
713,926,839,926,839,963,713,963,205,000
62,910,152,910,152,943,62,943,Total
717,881,838,881,838,918,717,918,205,000
60,866,135,866,135,901,60,901,CASH
735,795,861,795,861,832,735,832,205,000
293,785,368,785,368,817,293,817,Card
119,784,275,784,275,818,119,818,Starbucks
67,781,81,781,81,812,67,812,Lan
737,664,846,664,846,698,737,698,2:52PM
681,664,719,664,719,697,681,697,21
578,662,667,662,667,693,578,693,Jan28
298,658,472,658,472,690,298,690,0200009122
172,654,278,654,278,684,172,684,number
64,651,153,651,153,684,64,684,Order
401,570,454,570,454,605,401,605,Dai
313,569,387,569,387,602,313,602,Manh
225,565,299,565,299,601,225,601,Pham
70,565,209,565,209,602,70,602,40400723
157,521,475,521,475,559,157,559,Ba lance: 205,000.00
67,519,141,519,141,551,67,551,Card
545,398,620,398,620,430,545,430,4278
476,397,531,397,531,429,476,429,795
402,393,461,393,461,427,402,427,243
317,390,386,390,386,430,317,430,(84)
670,356,722,356,722,389,670,389,Noi
616,356,655,356,655,388,616,388,Ha
507,347,607,347,607,395,507,395,Giay
439,350,496,350,496,385,439,385,Cau
333,349,422,349,422,387,333,387,Thuy,
245,347,317,347,317,381,245,381,Xuan
174,343,229,343,229,380,174,380,241
387,306,549,306,549,341,387,341,Store-IPH
817,1083,836,1083,836,1118,817,1118,C
550,237,584,237,584,261,550,261,TM