195,2568,275,2568,275,2603,195,2603,Tích
373,2568,472,2568,472,2601,373,2601,VINID
296,2567,354,2567,354,2606,296,2606,Tũy
495,2565,534,2565,534,2600,495,2600,1%
611,2563,809,2563,809,2592,611,2592,01.11.2020
550,2560,597,2560,597,2595,550,2595,từ
236,2469,390,2469,390,2503,236,2503,VINMART
412,2468,572,2468,572,2501,412,2501,VINMART+
592,2458,675,2458,675,2495,592,2495,TOÀN
690,2454,773,2454,773,2492,690,2492,QUỐC
171,2422,253,2422,253,2456,171,2456,HĂNG
271,2420,355,2420,355,2453,271,2453,TRAM
367,2417,434,2417,434,2458,367,2458,MẶT
448,2415,534,2415,534,2448,448,2448,HĂNG
772,2412,831,2412,831,2446,772,2446,TẠI
547,2414,573,2414,573,2449,547,2449,D
590,2410,673,2410,673,2445,590,2445,GIẢM
689,2410,752,2410,752,2443,689,2443,GIA
267,2147,487,2147,487,2177,267,2177,02471066866
87,2148,249,2148,249,2184,87,2184,Hotline
505,2139,668,2139,668,2172,505,2172,Website
687,2139,909,2139,909,2172,687,2172,vinmart.com
186,2095,251,2095,251,2131,186,2131,CẮM
584,2094,650,2094,650,2127,584,2127,HEN
325,2092,392,2092,392,2128,325,2128,QUÝ
264,2094,312,2094,312,2130,264,2130,ON
746,2093,808,2093,808,2125,746,2125,LẠI
408,2093,507,2093,507,2124,408,2124,KHÁCH
666,2089,729,2089,729,2127,666,2127,GẶP
525,2089,570,2089,570,2125,525,2125,VÀ
88,2003,147,2003,147,2033,88,2033,Tax
168,1999,303,1999,303,2029,168,2029,invoice
322,1996,400,1996,400,2029,322,2029,will
764,1997,844,1997,844,2024,764,2024,same
487,1994,604,1994,604,2024,487,2024,issued
421,1994,468,1994,468,2030,421,2030,be
623,1993,744,1993,744,2023,623,2023,within
862,1991,925,1991,925,2029,862,2029,day
563,1945,666,1945,666,1979,563,1979,trong
223,1941,285,1941,285,1979,223,1979,Chi
683,1940,767,1940,767,1979,683,1979,ngày
403,1941,467,1941,467,1978,403,1978,hóa
302,1939,385,1939,385,1978,302,1978,xuất
480,1938,547,1938,547,1978,480,1978,đơn
586,1798,921,1798,921,1831,586,1831,00430100100190023
143,1797,223,1797,223,1829,143,1829,tham
241,1792,343,1792,343,1827,241,1827,chiếu
83,1791,126,1791,126,1830,83,1830,SỐ
267,1748,456,1748,456,1777,267,1777,1.000VND?1
163,1745,261,1745,261,1782,163,1782,tích(
481,1741,582,1741,582,1781,481,1781,điểm)
85,1741,144,1741,144,1779,85,1779,iếm
605,1697,922,1697,922,1732,605,1732,XXXXXXXXXXXXXXXXX
86,1698,128,1698,128,1731,86,1731,ID
344,1695,425,1695,425,1734,344,1734,hàng
225,1696,324,1696,324,1727,225,1727,khách
141,1691,206,1691,206,1729,141,1729,thẻ
664,1595,761,1595,761,1636,664,1636,GTGT)
400,1598,464,1598,464,1630,400,1630,bao
562,1594,646,1594,646,1629,562,1629,thuế
480,1592,546,1592,546,1636,480,1636,gồm
244,1593,323,1593,323,1632,244,1632,(Giá
339,1591,384,1591,384,1630,339,1630,đã
262,1548,324,1548,324,1585,262,1585,LẠI
900,1550,926,1550,926,1582,900,1582,0
183,1541,246,1541,246,1579,183,1579,TRẢ
84,1540,166,1540,166,1578,84,1578,TIỀN
185,1498,438,1498,438,1530,185,1530,Napas(000000
801,1501,922,1501,922,1533,801,1533,51.553
102,1493,164,1493,164,1529,102,1529,Thẻ
800,1452,925,1452,925,1488,800,1488,51.553
185,1445,287,1445,287,1479,185,1479,KHÁCH
303,1441,368,1441,368,1481,303,1481,TRẢ
84,1441,166,1441,166,1480,84,1480,TIẾN
788,1404,902,1404,902,1432,788,1432,-5.400
324,1394,405,1394,405,1429,324,1429,GIẢM
183,1393,267,1393,267,1431,183,1431,TIỀN
84,1392,166,1392,166,1431,84,1431,TỔNG
280,1395,306,1395,306,1431,280,1431,IN
799,1352,924,1352,924,1389,799,1389,51.553
386,1348,504,1348,504,1382,386,1382,T. TOÁN
281,1346,363,1346,363,1380,281,1380,PHẢI
183,1344,264,1344,264,1382,183,1382,TIÊN
84,1344,164,1344,164,1382,84,1382,TỔNG
806,1255,924,1255,924,1290,806,1290,16.000
85,1251,345,1251,345,1286,85,1286,8851932413152
481,1253,584,1253,584,1286,481,1286,8.000
681,1256,700,1256,700,1286,681,1286,N
621,1209,685,1209,685,1241,621,1241,pop
703,1207,821,1207,821,1240,703,1240,36755g
484,1205,601,1205,601,1235,484,1235,Paddle
224,1204,285,1204,285,1233,224,1233,Kem
84,1197,208,1197,208,1232,84,1232,WALLYS
386,1200,462,1200,462,1234,386,1234,Tưới
303,1201,364,1201,364,1233,303,1233,dưa
803,1158,920,1158,920,1185,803,1185,-3.200
82,1153,125,1153,125,1184,82,1184,KM
805,1106,921,1106,921,1138,805,1138,13.000
87,1105,339,1105,339,1138,87,1138,8934804033891
464,1104,583,1104,583,1139,464,1139,13.000
683,1107,699,1107,699,1136,683,1136,
644,1058,737,1058,737,1085,644,1085,100m
86,1057,201,1057,201,1082,86,1082,NESTEA
223,1056,283,1056,283,1084,223,1084,Kem
303,1052,401,1052,401,1089,303,1089,tuyết
480,1052,542,1052,542,1086,480,1086,trà
560,1051,622,1051,622,1087,560,1087,sữa
420,1051,462,1051,462,1091,420,1091,vị
804,1009,920,1009,920,1036,804,1036,2.200
82,1006,124,1006,124,1035,82,1035,KM
821,959,920,959,920,989,821,989,8.500
84,958,339,958,339,990,84,990,8934804033877
478,956,581,956,581,986,478,986,8.500
682,959,698,959,698,989,682,989,
604,911,699,911,699,942,604,942,100m
478,908,581,908,581,937,478,937,chanh
84,909,202,909,202,935,84,935,NESTEA
221,907,284,907,284,939,221,939,Kem
303,903,400,903,400,941,303,941,tuyết
419,902,461,902,461,943,419,943,vi
86,857,341,857,341,892,86,892,8936011773102
804,860,921,860,921,896,804,896,14.000
463,859,578,859,578,891,463,891,14.000
683,859,701,859,701,889,683,889,
801,812,860,812,860,842,801,842,T16
683,810,776,810,776,840,683,840,150m
461,811,580,811,580,838,461,838,Merino
84,808,144,808,144,837,84,837,Kem
598,805,662,805,662,847,598,847,hộp
284,808,323,808,323,838,284,838,Ia
341,804,438,804,438,838,341,838,chuối
219,802,265,802,265,839,219,839,3
159,802,206,802,206,838,159,838,sô
821,764,918,764,918,791,821,791,5.453
479,763,580,763,580,790,479,790,5.453
84,761,341,761,341,792,84,792,2601051004269
481,715,579,715,579,746,481,746,0,426
600,712,644,712,644,744,600,744,KG
439,715,462,715,462,742,439,742,X
241,707,421,707,421,744,241,744,12.800/kg
140,711,221,711,221,739,140,739,chua
81,706,123,706,123,740,81,740,Cà
640,664,682,664,682,696,640,696,SL
780,660,903,660,903,697,780,697,T. Tiển
161,659,245,659,245,697,161,697,hàng
499,659,564,659,564,699,499,699,giá
440,661,485,661,485,694,440,694,dn
83,659,143,659,143,697,83,697,Mặt
760,571,916,571,916,595,760,595,09018146
661,568,752,568,752,595,661,595,NVBH
164,565,237,565,237,596,164,596,001
81,557,161,557,161,599,81,599,Quấy
705,518,896,518,896,545,705,545,00190023
480,517,578,517,578,545,480,545,17:48
266,514,451,514,451,547,266,547,13/01/2021
245,519,256,519,256,544,245,544,
81,509,162,509,162,549,81,549,Ngày
177,510,240,510,240,546,177,546,bán
560,463,643,463,643,498,560,498,HÀNG
478,462,543,462,543,498,478,498,BĂN
416,462,463,462,463,498,416,498,ON
337,460,402,460,402,496,337,496,HÓA
507,372,746,372,746,406,507,406,024.71066866-43011
677,317,791,317,791,360,677,360,Từ Liêm
612,317,671,317,671,351,612,351,Nam
792,316,834,316,834,356,792,356,HN
579,315,609,315,609,355,579,355,
84,305,338,305,338,366,84,366,Vincommerce
454,306,572,306,572,356,454,356,Cầu Diễn
425,309,455,309,455,351,425,351,
718,261,785,261,785,306,718,306,Tùng
787,261,842,261,842,306,787,306,Màu
543,261,621,261,621,295,543,295,Tower
626,260,675,260,675,295,626,295,199
467,259,536,259,536,295,467,295,Cowa
414,259,462,259,462,296,414,296,Tòa
675,250,714,250,714,297,675,297,Hồ
773,206,831,206,831,253,773,253,Mậu
704,206,770,206,770,252,704,252,Tung
537,206,606,206,606,241,537,241,Cowa
486,204,538,204,538,244,486,244,HNI
424,201,484,201,484,244,424,244,VM
662,194,703,194,703,245,662,245,Hồ
683,764,699,764,699,793,683,793,
882,1744,900,1744,900,1779,882,1779,
615,201,661,201,661,242,615,242,199