219,951,227,951,227,968,219,968,
350,945,400,945,400,971,350,971,Thuy
286,944,338,944,338,968,286,968,Xuan
156,945,207,945,207,967,156,967,Name
58,944,145,944,145,969,58,969,Cashier
237,943,276,943,276,969,237,969,241
33,945,49,945,49,964,33,964,x
218,915,310,915,310,940,218,940,tljnewbi
326,915,336,915,336,941,326,941,LIN
168,914,205,914,205,937,168,937,PW:
107,914,155,914,155,938,107,938,wifi
35,911,95,911,95,939,35,939,[Free
288,889,340,889,340,910,288,910,ngay
217,884,279,884,279,912,217,912,trong
155,884,206,884,206,908,155,908,GTGT
107,884,146,884,146,907,107,907,don
32,882,96,882,96,906,32,906,xxhoa
215,858,243,858,243,880,215,880,CO
348,855,401,855,401,880,348,880,xuat
301,855,338,855,338,878,301,878,tri
251,853,291,853,291,884,251,884,gia
121,853,156,853,156,877,121,877,lai
167,852,204,852,204,878,167,878,chi
35,851,110,851,110,879,35,879,xxBien
427,796,523,796,523,820,427,820,16:50:02
289,795,413,795,413,820,289,820,2020/12/22
36,793,147,793,147,819,36,819,DATE/TIME
97,763,171,763,171,789,97,789,NUMBER
326,764,525,764,525,791,326,791,4221Xxxxxxx
35,760,88,760,88,788,35,788,CARD
447,737,524,737,524,760,447,760,69,000
36,732,111,732,111,757,36,757,AMOUNT
377,702,523,702,523,730,377,730,TECHCOM-BANK
97,702,149,702,149,728,97,728,TYPE
35,700,88,700,88,728,35,728,CARD
187,643,198,643,198,672,187,672,
206,643,279,643,279,669,206,669,CREDIT
292,644,344,644,344,670,292,670,CARD
379,585,522,585,522,612,379,612,69,000
207,582,305,582,305,610,207,610,CARD
40,581,181,581,181,610,40,610,CREDIT
40,522,158,522,158,550,40,550,TOTAL
380,527,524,527,524,551,380,551,69,000
378,495,529,495,529,521,378,521,69,000
42,495,228,495,228,520,42,520,SUBTOTAL
64,434,185,434,185,461,64,461,Strawberry
256,434,306,434,306,460,256,460,cak 1
199,433,247,433,247,459,199,459,ro11
453,436,530,436,530,460,453,460,42,000
41,435,56,435,56,455,41,455,%
454,404,527,404,527,430,454,430,27,000
114,402,164,402,164,429,114,429,Tart
64,400,104,400,104,431,64,431,Egg
41,405,56,405,56,424,41,424,%
335,347,454,347,454,371,335,371,12/22/2020
468,345,529,345,529,370,468,370,16:50
41,344,224,344,224,369,41,369,POS:01-05200063
442,316,519,316,519,341,442,341,GoFood
331,317,406,317,406,340,331,340,Baemin
273,316,320,316,320,340,273,340,Now,
417,318,432,318,432,339,417,339,20
41,314,150,314,150,338,41,338,GrabFood,
162,315,263,315,263,340,162,340,Delivery
223,287,273,287,273,314,223,314,giac
393,287,429,287,429,310,393,310,noi
344,286,384,286,384,311,344,311,tan
283,284,334,284,334,312,283,312,hang
443,286,480,286,480,311,443,311,tai
102,284,142,284,142,309,102,309,les
149,282,214,282,214,307,149,307,JOURS
41,280,96,280,96,308,41,308,TOUS
56,254,166,254,166,280,56,280,Telephone
307,254,362,254,362,280,307,280,4038
246,254,302,254,302,280,246,280,3795
180,261,188,261,188,277,180,277,1
197,254,239,254,239,279,197,279,024
394,226,502,226,502,250,394,250,District,
333,225,385,225,385,253,333,253,Giay
103,225,154,225,154,252,103,252,Vong
514,227,532,227,532,251,514,251,E
210,223,273,223,273,253,210,253,Ward,
164,225,203,225,203,248,164,248,Hau
283,224,325,224,325,249,283,249,Cau
41,221,94,221,94,248,41,248,Dich
491,195,531,195,531,220,491,220,Thu
261,194,371,194,371,222,261,222,builling,
142,196,250,196,250,221,142,221,Indochina
429,194,482,194,482,220,429,220,Xuan
378,192,420,192,420,220,378,220,241
44,192,129,192,129,219,44,219,102-202
140,163,169,163,169,189,140,189,HN
93,163,132,163,132,189,93,189,IPH
46,160,83,160,83,188,46,188,TLJ
186,40,273,40,273,71,186,71,TOUS
284,404,297,404,297,430,284,430,
352,642,364,642,364,670,352,670,
281,40,311,40,311,66,281,66,les
316,43,419,43,419,73,316,73,JOURS