438,2312,493,2312,493,2336,438,2336,one
260,2303,351,2303,351,2336,260,2336,Valid
598,2302,684,2302,684,2338,598,2338,only
367,2303,422,2303,422,2336,367,2336,for
508,2302,579,2302,579,2334,508,2334,hour
386,2262,564,2262,564,2291,386,2291,6882503046
439,2223,542,2223,542,2247,439,2247,access
637,2223,648,2223,648,2246,637,2246,
562,2216,634,2216,634,2246,562,2246,code
349,2216,420,2216,420,2247,349,2247,wifi
261,2216,333,2216,333,2250,261,2250,Free
578,2128,668,2128,668,2164,578,2164,today
441,2128,561,2128,561,2162,441,2162,invoice
364,2128,418,2128,418,2161,364,2161,VAT
295,2127,350,2127,350,2162,295,2162,the
453,2091,507,2091,507,2116,453,2116,our
257,2084,366,2084,366,2116,257,2116,Please
522,2082,614,2082,614,2115,522,2115,staff
381,2081,437,2081,437,2115,381,2115,ask
632,2081,686,2081,686,2115,632,2115,for
486,2040,559,2040,559,2077,486,2077,youi
383,2040,472,2040,472,2072,383,2072,Thank
82,1910,203,1910,203,1943,82,1943,Include
221,1910,278,1910,278,1942,221,1942,tax
756,1908,861,1908,861,1938,756,1938,18,636
608,1835,857,1835,857,1901,608,1901,205,000
78,1797,200,1797,200,1829,78,1829,Payment
81,1752,164,1752,164,1783,81,1783,Total
730,1745,860,1745,860,1784,730,1784,205,000
78,1708,148,1708,148,1739,78,1739,SBUX
165,1707,239,1707,239,1740,165,1740,Card
732,1701,857,1701,857,1737,732,1737,205,000
80,1664,363,1664,363,1697,80,1697,XXXXXXXXXXXXXXX
555,1531,691,1531,691,1560,555,1560,Discount
749,1529,856,1529,856,1563,749,1563,20,000
713,1527,732,1527,732,1565,713,1565,i
343,1487,465,1487,465,1522,343,1522,Pudding
198,1488,321,1488,321,1520,198,1520,Coconut
124,1487,183,1487,183,1521,124,1521,Mon
766,1482,869,1482,869,1518,766,1518,45,000
76,1488,94,1488,94,1522,76,1522,
553,1399,692,1399,692,1433,553,1433,Discount
747,1396,854,1396,854,1433,747,1433,20,000
711,1396,730,1396,730,1431,711,1431,
203,1356,356,1356,356,1388,203,1388,Enocolate
375,1354,498,1354,498,1390,375,1390,Pudding
122,1354,183,1354,183,1390,122,1390,Mon
74,1358,92,1358,92,1390,74,1390,
763,1349,868,1349,868,1386,763,1386,45,000
745,1264,853,1264,853,1300,745,1300,70,000
535,1224,707,1224,707,1256,535,1256,Strawberry
195,1223,269,1223,269,1257,195,1257,Nuoc
123,1224,181,1224,181,1257,123,1257,Mon
409,1223,514,1223,514,1253,409,1253,shaken
322,1222,392,1222,392,1254,322,1254,Iced
74,1227,89,1227,89,1257,74,1257,
283,1223,305,1223,305,1255,283,1255,
725,1220,763,1220,763,1253,725,1253,GT
742,1132,848,1132,848,1167,742,1167,85,000
193,1091,266,1091,266,1125,193,1125,Nuoc
122,1092,179,1092,179,1125,122,1125,Mon
409,1091,571,1091,571,1124,409,1124,Pistachio
73,1096,87,1096,87,1126,73,1126,
583,1089,690,1089,690,1122,583,1122,Matcha
319,1089,392,1089,392,1123,319,1123,Iced
707,1086,797,1086,797,1120,707,1120,Latte
282,1092,302,1092,302,1125,282,1125,
301,962,480,962,480,993,301,993,0200009123
177,962,281,962,281,992,177,992,number
69,961,157,961,157,995,69,995,Order
585,959,671,959,671,989,585,989,jan28
743,957,849,957,849,991,743,991,2:50PM
687,957,723,957,723,991,687,991,21
70,876,211,876,211,909,70,909,40400723
315,872,389,872,389,906,315,906,Manh
227,872,299,872,299,906,227,906,Pham
404,872,456,872,456,906,404,906,Dai
159,786,372,786,372,819,159,819,Balance:0.00
68,788,139,788,139,819,68,819,Card
67,745,137,745,137,776,67,776,Star
155,743,367,743,367,776,155,776,Balance:0.00
210,701,389,701,389,734,210,734,Unassigned
69,702,151,702,151,730,69,730,Level
155,655,491,655,491,688,155,688,No: XXXXXXXXXXXXXXX
64,655,138,655,138,689,64,689,Card
65,614,169,614,169,643,65,643,Member
190,612,274,612,274,644,190,644,Name
312,477,382,477,382,515,312,515,(84)
470,478,527,478,527,510,470,510,795
399,478,454,478,454,510,399,510,243
540,475,614,475,614,509,540,509,4278
332,434,417,434,417,470,332,470,Thuy
238,434,312,434,312,468,238,468,Xuan
504,433,592,433,592,470,504,470,Giay,
433,434,490,434,490,467,433,467,Cau
165,433,223,433,223,469,165,469,241
664,433,717,433,717,466,664,466,Noi
610,433,649,433,649,466,610,466,Ha
381,390,542,390,542,423,381,423,Store-IPH
540,318,576,318,576,339,540,339,TM