524,1317,564,1317,564,1336,524,1336,ơn
568,1312,633,1312,633,1342,568,1342,Quý
366,1315,451,1315,451,1336,366,1336,thành
229,1312,282,1312,282,1337,229,1337,Xin
637,1312,732,1312,732,1335,637,1335,khách
457,1312,518,1312,518,1335,457,1335,cảm
287,1313,359,1313,359,1336,287,1336,chân
736,1310,750,1310,750,1336,736,1336,1
822,1251,901,1251,901,1281,822,1281,3,500
616,1249,665,1249,665,1282,616,1282,lại:
567,1250,614,1250,614,1276,567,1276,trả
492,1244,560,1244,560,1277,492,1277,Tiền
502,1191,588,1191,588,1219,502,1219,khách
598,1194,663,1194,663,1216,598,1216,đưa:
806,1190,899,1190,899,1220,806,1220,70,000
431,1185,495,1185,495,1219,431,1219,Tiền
156,1127,221,1127,221,1151,156,1151,chữ:
433,1125,511,1125,511,1155,433,1155,nghìn
292,1126,369,1126,369,1150,292,1150,mươi
584,1125,656,1125,656,1148,584,1148,trăm
516,1125,580,1125,580,1149,516,1149,năm
372,1125,426,1125,426,1150,372,1150,sáu
226,1124,286,1124,286,1151,226,1151,Sáu
73,1120,150,1120,150,1157,73,1157,Bằng
660,1119,732,1119,732,1153,660,1153,đồng
504,1080,584,1080,584,1102,504,1102,thanh
810,1077,900,1077,900,1106,810,1106,66,500
591,1079,662,1079,662,1102,591,1102,toán:
436,1073,498,1073,498,1103,436,1103,Tiền
611,1020,664,1020,664,1044,611,1044,CK:
541,1014,604,1014,604,1045,541,1045,Tiền
878,1017,899,1017,899,1044,878,1044,
370,967,451,967,451,993,370,993,lượng:
583,965,662,965,662,994,583,994,hàng:
807,963,898,963,898,992,807,992,66,500
460,966,479,966,479,990,460,990,A
252,959,322,959,322,996,252,996,Tổng
513,958,577,958,577,989,513,989,Tiền
328,959,362,959,362,990,328,990,số
572,915,662,915,662,944,572,944,31,500
303,916,351,916,351,938,303,938,đào
189,915,263,915,263,942,189,942,Nước
75,918,161,918,161,935,75,935,J000731
807,914,898,914,898,943,807,943,31,500
402,915,437,915,437,940,402,940,1L
359,914,396,914,396,947,359,947,ép
732,912,748,912,748,939,732,939,
528,914,543,914,543,940,528,940,
271,910,297,910,297,942,271,942,O
349,878,410,878,410,903,349,903,85gr
277,877,346,877,346,903,277,903,Food
228,876,271,876,271,902,228,902,Ori
188,875,224,875,224,902,188,902,lát
73,863,167,863,167,883,73,883,L010828
572,859,660,859,660,885,572,885,12,000
807,857,896,857,896,887,807,887,12,000
730,858,750,858,750,885,730,885,c
528,858,542,858,542,886,528,886,
335,843,395,843,395,868,335,868,thảo
290,842,331,842,331,869,290,869,cải
190,842,241,842,241,870,190,870,Kim
400,842,443,842,443,869,400,869,cắt
247,841,286,841,286,869,247,869,chi
190,809,255,809,255,837,190,837,200g
569,793,660,793,660,822,569,822,23,000
806,792,895,792,895,821,806,821,23,000
73,794,164,794,164,815,73,815,L005505
730,792,747,792,747,818,730,818,
525,791,539,791,539,817,525,817,
414,776,470,776,470,805,414,805,Việt
243,777,299,777,299,801,243,801,xích
352,775,411,775,411,802,352,802,Đức
306,774,351,774,351,808,306,808,Mỹ
187,774,240,774,240,802,187,802,Xúc
332,745,438,745,438,770,332,770,182C/kg
272,743,323,743,323,773,272,773,3kg
188,744,266,744,266,767,188,767,26x42
525,728,538,728,538,751,525,751,
70,728,173,728,173,748,70,748,WO66848
642,725,660,725,660,750,642,750,
879,724,893,724,893,751,879,751,0
729,726,745,726,745,750,729,750,0
402,711,465,711,465,735,402,735,T.Đô
238,711,296,711,296,736,238,736,nilon
303,710,355,710,355,736,303,736,siêu
362,709,396,709,396,740,362,740,thị
187,708,232,708,232,738,187,738,Túi
109,667,167,667,167,692,109,692,hàng
249,667,293,667,293,686,249,686,Tên
67,666,105,666,105,689,67,689,Mã
756,665,829,665,829,685,756,685,Thành
608,664,648,664,648,691,608,691,giá
552,665,602,665,602,687,552,687,Đơn
300,665,343,665,343,687,300,687,sản
491,664,525,664,525,687,491,687,SL
350,663,413,663,413,690,350,690,phẩm
680,664,720,664,720,686,680,686,CK
834,661,880,661,880,686,834,686,tiền
112,579,167,579,167,607,112,607,giao
245,573,656,573,656,605,245,605,00621012818278013
174,578,235,578,235,606,174,606,dịch:
67,572,106,572,106,604,67,604,Số
124,521,194,521,194,548,124,548,ngân:
307,518,350,518,350,548,307,548,Thị
66,518,116,518,116,543,66,543,Thu
494,512,644,512,644,545,494,545,Quầy Qu96
202,516,300,516,300,548,202,548,Nguyễn
432,520,464,520,464,550,432,550,VG
354,512,425,512,425,549,354,549,Hồng
68,454,176,454,176,495,68,495,Ngày
663,451,836,451,836,488,663,488,18:28:10
186,455,271,455,271,488,186,488,bán:
559,448,643,448,643,487,559,487,Giờ:
288,450,508,450,508,487,288,487,28/01/2020
132,401,203,401,203,428,132,428,thoại:
270,398,381,398,381,423,270,423,6860397
64,399,126,399,126,430,64,430,Điện
210,399,262,399,262,424,210,424,046
409,398,474,398,474,424,409,424,0986
482,397,531,397,531,422,482,422,252
368,341,422,341,422,366,368,366,Mau
292,340,358,340,358,368,292,368,Tùng
495,340,532,340,532,365,495,365,Nội
170,340,220,340,220,363,170,363,306
64,339,110,339,110,369,64,369,Địa
451,340,486,340,486,363,451,363,Hà
117,339,163,339,163,364,117,364,chỉ:
228,342,243,342,243,366,228,366,1
246,332,286,332,286,364,246,364,Hồ
519,278,882,278,882,307,519,307,Sieuthithanhdo.com.vn
207,277,492,277,492,306,207,306,Sieuthithagharize
64,275,194,275,194,307,64,307,Website:
230,167,530,167,530,215,230,215,THANHDO
552,165,728,165,728,208,552,208,MART
429,344,443,344,443,366,429,366,1
499,281,514,281,514,307,499,307,
539,395,588,395,588,424,539,424,556
527,451,543,451,543,486,527,486,L
389,403,399,403,399,425,389,425,