1139,2600,1149,2600,1149,2617,1139,2617,0.46337485
760,2584,900,2584,900,2632,760,2632,0.82627964
1090,2583,1160,2583,1160,2632,1090,2632,0.72343856
1009,2581,1097,2581,1097,2632,1009,2632,0.7068472
634,2579,744,2579,744,2640,634,2640,0.6768132
957,2584,1003,2584,1003,2628,957,2628,0.60117704
933,2585,971,2585,971,2626,933,2626,0.7509405
1046,2519,1073,2521,1069,2562,1042,2559,0.44486704
781,2515,915,2515,915,2558,781,2558,0.88663614
1088,2505,1234,2512,1231,2566,1086,2559,0.5503249
1205,2502,1365,2505,1363,2574,1204,2570,0.727398
936,2507,1043,2511,1041,2567,934,2563,0.85201526
237,2508,757,2502,758,2566,238,2572,0.68977743
1473,2503,1576,2503,1576,2565,1473,2565,0.82750356
1378,2506,1468,2506,1468,2558,1378,2558,0.82513976
767,2442,1029,2442,1029,2479,767,2479,0.84541273
1003,2354,1101,2354,1101,2400,1003,2400,0.8583892
904,2356,998,2356,998,2396,904,2396,0.69623053
718,2344,832,2344,832,2404,718,2404,0.54883
1106,2343,1298,2338,1300,2401,1108,2406,0.7982848
540,2341,706,2341,706,2393,540,2393,0.8928894
831,2336,885,2336,885,2397,831,2397,0.6195026
946,2153,1134,2153,1134,2215,946,2215,0.82945365
1633,2146,1674,2148,1670,2206,1629,2203,0.6917198
976,2028,1113,2028,1113,2082,976,2082,0.78695756
1446,2027,1541,2027,1541,2083,1446,2083,0.8350905
1570,2026,1670,2026,1670,2083,1570,2083,0.90466905
964,1940,980,1940,980,1966,964,1966,0.4142967
987,1914,1130,1914,1130,1972,987,1972,0.8524659
1400,1917,1460,1917,1460,1970,1400,1970,0.50055224
1438,1906,1518,1900,1523,1963,1443,1969,0.58636683
1538,1890,1677,1890,1677,1973,1538,1973,0.7206006
1412,1905,1446,1905,1446,1926,1412,1926,0.78232473
903,1756,1134,1756,1134,1808,903,1808,0.7343265
1635,1740,1675,1743,1671,1799,1631,1797,0.7411552
815,1630,1120,1630,1120,1690,815,1690,0.653564
1568,1626,1669,1622,1671,1682,1570,1685,0.8736824
1475,1623,1553,1623,1553,1687,1475,1687,0.80772066
895,1519,1105,1519,1105,1565,895,1565,0.70645106
865,1518,880,1518,880,1560,865,1560,0.40117985
1229,1502,1337,1502,1337,1570,1229,1570,0.7465185
1639,1503,1683,1505,1679,1564,1635,1562,0.7810878
964,1385,1112,1385,1112,1448,964,1448,0.83001506
835,1382,958,1386,956,1453,833,1449,0.7507703
1580,1364,1688,1364,1688,1420,1580,1420,0.88425785
1457,1360,1567,1360,1567,1421,1457,1421,0.8165669
372,1259,541,1263,539,1316,370,1311,0.6359877
111,1263,358,1257,359,1304,112,1310,0.8101264
1232,1257,1344,1253,1346,1310,1234,1313,0.8652523
1116,1254,1221,1254,1221,1315,1116,1315,0.7394451
1571,1255,1670,1255,1670,1307,1571,1307,0.91697514
1456,1254,1553,1254,1553,1310,1456,1310,0.88737565
547,1250,773,1247,774,1308,548,1312,0.6817961
976,1259,993,1259,993,1286,976,1286,0.5118987
110,1160,224,1160,224,1216,110,1216,0.8662468
233,1156,339,1151,342,1206,236,1212,0.8296063
1236,1150,1342,1150,1342,1201,1236,1201,0.9097196
1570,1149,1670,1149,1670,1200,1570,1200,0.9454912
1116,1148,1218,1148,1218,1204,1116,1204,0.88206184
1454,1146,1553,1146,1553,1203,1454,1203,0.87302876
980,1153,990,1153,990,1172,980,1172,0.56329787
408,1049,589,1045,590,1102,409,1105,0.6950676
333,1051,413,1051,413,1098,333,1098,0.6892926
111,1050,325,1050,325,1097,111,1097,0.7513034
593,1043,691,1049,688,1104,590,1098,0.5820197
1234,1042,1343,1046,1342,1100,1232,1096,0.914601
1568,1043,1671,1043,1671,1098,1568,1098,0.9368872
1456,1042,1553,1042,1553,1098,1456,1098,0.882404
1120,1043,1214,1040,1216,1100,1122,1104,0.8136416
979,1050,990,1050,990,1064,979,1064,0.5657433
110,944,515,944,515,1004,110,1004,0.6611639
514,940,637,936,639,990,516,994,0.8197218
1234,934,1343,934,1343,991,1234,991,0.8893891
1568,933,1670,933,1670,991,1568,991,0.8758724
1456,933,1552,933,1552,989,1456,989,0.88883
1122,935,1212,931,1215,990,1125,994,0.74633944
937,836,1033,836,1033,889,937,889,0.6912342
425,840,475,840,475,882,425,882,0.5267762
100,833,416,827,417,883,101,889,0.6301927
1396,830,1507,830,1507,885,1396,885,0.8378628
1505,828,1651,822,1653,885,1507,891,0.7537816
1126,824,1302,824,1302,891,1126,891,0.53219634
107,698,253,695,254,750,108,753,0.86726034
906,690,1047,690,1047,737,906,737,0.8360742
1221,687,1366,687,1366,741,1221,741,0.8387696
331,682,451,682,451,748,331,748,0.62660193
903,589,1044,589,1044,642,903,642,0.8386221
102,584,215,590,213,645,100,640,0.6910051
1194,581,1270,581,1270,643,1194,643,0.7714295
1326,582,1445,576,1448,637,1329,642,0.84079593
1191,498,1411,498,1411,549,1191,549,0.7554291
305,496,502,492,503,550,306,553,0.756134
917,495,1093,495,1093,542,917,542,0.81338537
100,485,219,485,219,550,100,550,0.7385823
182,413,238,413,238,462,182,462,0.56746286
102,411,201,411,201,460,102,460,0.71420664
899,409,1084,409,1084,452,899,452,0.76540697
460,403,622,403,622,466,460,466,0.6410089
303,404,474,404,474,462,303,462,0.6925643
174,341,317,338,318,370,174,373,0.48676106
258,309,319,309,319,340,258,340,0.52480197
716,228,900,228,900,325,716,325,0.5478535
898,227,1164,227,1164,318,898,318,0.6724998
285,207,352,207,352,266,285,266,0.58311796
153,174,306,171,309,323,155,325,0.5539313
