417,1475,479,1475,479,1501,417,1501,0.77227086
335,1474,379,1474,379,1497,335,1497,0.81049526
482,1471,544,1471,544,1502,482,1502,0.77980673
143,1472,194,1471,195,1501,143,1502,0.7927238
381,1472,414,1472,414,1498,381,1498,0.76130736
289,1472,331,1472,331,1498,289,1498,0.83261365
236,1470,285,1472,284,1498,234,1496,0.77170575
193,1470,233,1470,233,1500,193,1500,0.71439344
100,1466,147,1470,144,1505,97,1501,0.6811469
365,1445,517,1446,517,1467,365,1466,0.7663763
275,1443,360,1443,360,1466,275,1466,0.6591227
176,1441,275,1441,275,1469,176,1469,0.5959806
127,1440,175,1440,175,1468,127,1468,0.7286824
340,1414,380,1411,382,1435,342,1439,0.68307227
270,1412,336,1412,336,1436,270,1436,0.7096955
389,1414,418,1414,418,1427,389,1427,0.6192793
426,1414,440,1414,440,1426,426,1426,0.43734807
210,1409,278,1411,277,1432,210,1430,0.62296534
101,1318,195,1315,196,1344,102,1347,0.7822255
560,1316,625,1315,626,1348,561,1349,0.75676334
467,1319,488,1319,488,1347,467,1347,0.5539097
495,1315,554,1315,554,1349,495,1349,0.7965351
203,1312,288,1312,288,1348,203,1348,0.7525906
28,1311,95,1313,95,1348,27,1346,0.8094226
159,1276,213,1276,213,1310,159,1310,0.75617254
29,1276,94,1276,94,1304,29,1304,0.78283453
206,1277,229,1277,229,1304,206,1304,0.5043697
598,1276,627,1276,627,1304,598,1304,0.5731641
99,1273,155,1272,155,1304,100,1305,0.760344
161,1234,253,1236,252,1273,161,1272,0.859494
561,1236,625,1236,625,1269,561,1269,0.7793829
493,1236,554,1234,555,1268,494,1269,0.78742355
465,1239,486,1235,491,1264,470,1267,0.5584478
28,1232,96,1233,95,1269,27,1267,0.7568964
107,1231,158,1231,158,1270,107,1270,0.736532
496,1182,526,1182,526,1203,496,1203,0.5531236
516,1179,571,1179,571,1204,516,1204,0.7308998
30,1178,112,1178,112,1202,30,1202,0.7694741
573,1177,627,1178,626,1206,572,1205,0.75846535
116,1179,164,1179,164,1202,116,1202,0.8062574
167,1177,232,1177,232,1205,167,1205,0.7912091
535,1144,624,1147,624,1173,535,1171,0.74261546
83,1147,140,1146,140,1168,84,1170,0.68929565
135,1144,200,1143,200,1174,135,1175,0.7264735
27,1143,77,1143,77,1170,27,1170,0.84865
303,1141,357,1141,357,1169,303,1169,0.79451424
562,1097,623,1097,623,1124,562,1124,0.8126714
471,1100,488,1102,485,1124,469,1122,0.5552573
28,1095,123,1095,123,1125,28,1125,0.79741216
131,1094,202,1096,202,1126,131,1124,0.76148236
495,1094,557,1094,557,1127,495,1127,0.79465246
134,1054,184,1054,184,1083,134,1083,0.8128974
421,1055,484,1055,484,1077,421,1077,0.7971804
35,1056,62,1056,62,1074,35,1074,0.42830098
558,1056,576,1054,578,1076,561,1078,0.48120815
73,1051,133,1051,133,1083,73,1083,0.77555853
575,1052,621,1052,621,1078,575,1078,0.7770964
134,1012,179,1012,179,1042,134,1042,0.7907822
77,1011,131,1011,131,1042,77,1042,0.8158398
439,1012,484,1012,484,1036,439,1036,0.6927368
543,1012,577,1012,577,1037,543,1037,0.7303614
576,1010,622,1010,622,1038,576,1038,0.7898507
35,1013,68,1011,69,1033,37,1036,0.41478392
407,1010,440,1010,440,1036,407,1036,0.6067944
166,973,213,973,213,996,166,996,0.83672065
74,970,162,972,161,997,74,995,0.6506582
209,971,259,971,259,997,209,997,0.63932294
438,970,490,970,490,997,438,997,0.64476156
393,966,443,969,441,1000,391,997,0.6672061
527,966,623,966,623,998,527,998,0.6788004
75,939,164,936,165,958,76,961,0.7697361
200,937,244,936,245,957,201,959,0.8173477
166,937,202,934,204,959,169,962,0.7053303
394,920,489,920,489,950,394,950,0.6814635
338,922,374,919,376,945,340,948,0.4655653
526,916,626,919,625,953,525,950,0.64250815
121,909,169,909,169,930,121,930,0.67783844
166,910,217,906,219,932,167,936,0.7471977
221,907,268,907,268,933,221,933,0.7557331
75,907,115,907,115,931,75,931,0.67567325
78,874,124,874,124,898,78,898,0.80976826
577,859,623,859,623,885,577,885,0.80886203
439,859,488,859,488,885,439,885,0.7775969
543,857,575,859,574,885,541,883,0.74629146
405,857,440,857,440,885,405,885,0.7595182
131,846,163,846,163,869,131,869,0.6374088
75,845,126,845,126,870,75,870,0.8243715
279,844,324,844,324,870,279,870,0.8217548
174,844,269,842,269,869,174,871,0.67437106
74,805,113,805,113,836,74,836,0.7593578
395,792,487,793,486,823,394,821,0.7561134
573,793,622,793,622,821,573,821,0.76570976
530,789,582,790,581,823,529,821,0.67923874
263,783,306,783,306,806,263,806,0.7642277
152,781,218,781,218,807,152,807,0.86707985
112,781,145,781,145,808,112,808,0.7746405
223,782,249,780,250,797,224,799,0.5368853
74,780,107,780,107,804,74,804,0.76398045
75,748,118,748,118,772,75,772,0.8372057
342,731,376,734,375,759,340,757,0.44041297
439,730,490,730,490,760,439,760,0.70853883
576,729,623,729,623,760,576,760,0.774347
405,730,438,730,438,760,405,760,0.74387217
542,728,579,731,577,762,539,758,0.70308834
247,719,282,719,282,743,247,743,0.59537756
190,719,251,716,252,745,192,748,0.8197483
146,718,186,718,186,745,146,745,0.73268294
109,718,142,718,142,743,109,743,0.7129453
73,718,113,716,114,741,74,743,0.67850286
123,688,183,688,183,711,123,711,0.7356323
72,683,122,684,121,711,71,710,0.7843868
357,681,367,681,367,685,357,685,0.41168013
532,669,580,669,580,695,532,695,0.7331309
395,666,489,669,488,700,394,697,0.7069724
573,668,621,668,621,694,573,694,0.7264931
147,658,182,656,184,676,148,679,0.7033452
256,657,293,655,294,681,257,682,0.7556893
183,656,224,656,224,682,183,682,0.75005144
71,656,115,656,115,682,71,682,0.7546727
115,656,145,656,145,680,115,680,0.7360451
227,656,252,656,252,681,227,681,0.6632358
74,622,154,622,154,651,74,651,0.78490335
532,608,577,608,577,632,532,632,0.7298488
394,606,489,605,489,633,395,635,0.7194438
575,607,622,607,622,632,575,632,0.7826942
74,595,119,595,119,619,74,619,0.69105893
120,594,164,594,164,618,120,618,0.7786999
170,593,248,592,248,619,170,621,0.6008939
75,563,165,565,165,590,75,589,0.74052006
342,547,375,548,374,572,341,570,0.48565182
441,546,487,546,487,572,441,572,0.8074972
575,545,623,545,623,572,575,572,0.7962883
542,543,577,545,575,574,540,572,0.71347815
403,541,439,544,437,575,401,573,0.6942324
75,534,136,534,136,556,75,556,0.8154701
141,533,172,533,172,556,141,556,0.693077
178,529,239,530,238,559,178,558,0.81881607
73,500,111,500,111,525,73,525,0.71481067
439,483,487,481,488,506,440,508,0.7860103
576,481,623,481,623,506,576,506,0.838493
404,480,438,480,438,509,404,509,0.77407235
541,479,575,479,575,508,541,508,0.7389566
184,470,256,469,257,495,184,496,0.87015486
262,469,306,467,307,494,263,496,0.79187596
74,467,137,469,136,498,73,495,0.68623286
139,469,173,469,173,494,139,494,0.7926741
48,445,65,445,65,455,48,455,0.4103148
124,438,173,438,173,461,124,461,0.8132573
393,433,442,436,440,463,392,460,0.7095129
82,436,115,436,115,456,82,456,0.65039235
444,433,481,433,481,461,444,461,0.7185904
577,431,621,431,621,459,577,459,0.8087088
507,429,575,430,574,461,506,459,0.7412979
202,396,244,396,244,417,202,417,0.61319596
30,395,89,393,90,419,31,422,0.7836139
376,394,457,393,458,417,376,418,0.78924453
248,390,296,390,296,418,248,418,0.669836
334,387,376,387,376,419,334,419,0.77608055
558,356,625,358,624,386,557,385,0.7564073
335,357,387,357,387,386,335,386,0.7370894
231,358,298,355,299,385,233,388,0.71192044
27,351,97,353,96,391,26,389,0.6234868
175,325,300,324,301,350,175,352,0.69625336
374,324,429,324,429,352,374,352,0.7937777
29,321,106,321,106,357,29,357,0.7181363
333,318,375,321,373,354,331,351,0.73232555
323,272,384,272,384,305,323,305,0.7932128
253,272,319,272,319,304,253,304,0.70448786
389,268,464,270,463,303,388,301,0.80923915
186,268,252,271,251,304,185,302,0.70494056
422,146,451,146,451,164,422,164,0.5997028
328,109,404,109,404,125,328,125,0.4297917
276,13,341,16,340,53,274,50,0.55443925
