748,2024,770,2024,770,2031,748,2031,0.42226943
736,2024,748,2024,748,2031,736,2031,0.5590552
722,2023,733,2023,733,2031,722,2031,0.5075902
694,2022,719,2024,718,2032,694,2030,0.48486882
276,1986,350,1986,350,2017,276,2017,0.8941543
166,1985,221,1985,221,2017,166,2017,0.8678186
94,1986,159,1986,159,2014,94,2014,0.83403724
227,1984,271,1984,271,2014,227,2014,0.86859286
355,1983,403,1981,404,2011,356,2013,0.845503
723,1981,806,1983,806,2011,722,2009,0.78079283
657,1979,721,1979,721,2014,657,2014,0.6741083
408,1982,461,1980,463,2011,410,2013,0.82747036
173,1930,228,1930,228,1953,173,1953,0.84871316
235,1927,282,1927,282,1958,235,1958,0.8906212
92,1927,166,1927,166,1955,92,1955,0.77889836
760,1926,812,1926,812,1953,760,1953,0.832504
246,1872,305,1872,305,1895,246,1895,0.92955554
173,1870,234,1870,234,1902,173,1902,0.8891878
91,1870,163,1868,164,1897,92,1899,0.7975521
759,1869,810,1869,810,1898,759,1898,0.8769093
717,1810,793,1810,793,1843,717,1843,0.8296275
647,1810,710,1810,710,1844,647,1844,0.6062753
601,1816,613,1815,615,1833,604,1835,0.5291929
390,1815,595,1811,596,1835,391,1839,0.73240286
235,1811,293,1811,293,1840,235,1840,0.82371986
211,1812,247,1812,247,1840,211,1840,0.7666096
302,1809,379,1809,379,1842,302,1842,0.88808304
619,1812,654,1810,656,1836,621,1838,0.7482492
90,1808,198,1810,198,1841,89,1838,0.83508414
373,1791,383,1791,383,1797,373,1797,0.48668164
342,1791,352,1791,352,1797,342,1797,0.5079504
186,1791,194,1791,194,1796,186,1796,0.41841418
252,1751,338,1751,338,1779,252,1779,0.8292244
207,1752,244,1749,246,1781,209,1783,0.823579
162,1752,204,1752,204,1777,162,1777,0.8361913
761,1749,810,1749,810,1779,761,1779,0.87534684
92,1747,152,1745,153,1776,93,1778,0.81463593
256,1694,312,1694,312,1720,256,1720,0.8724763
166,1693,247,1693,247,1720,166,1720,0.8845846
678,1690,811,1689,811,1721,678,1723,0.68456566
106,1684,158,1682,160,1720,107,1722,0.6253696
679,1635,757,1635,757,1661,679,1661,0.7508195
237,1636,314,1636,314,1658,237,1658,0.9269251
323,1634,385,1634,385,1660,323,1660,0.87962455
754,1633,808,1631,809,1660,756,1662,0.6722143
176,1632,228,1632,228,1659,176,1659,0.88405985
96,1627,167,1630,165,1664,95,1661,0.76589006
696,1610,718,1610,718,1617,696,1617,0.5125788
642,1611,656,1611,656,1617,642,1617,0.5557817
581,1610,606,1610,606,1617,581,1617,0.69121844
247,1610,266,1610,266,1617,247,1617,0.50584453
199,1611,211,1611,211,1616,199,1616,0.4452246
180,1611,196,1611,196,1617,180,1617,0.48316833
565,1610,579,1610,579,1617,565,1617,0.4085825
221,1610,233,1610,233,1617,221,1617,0.5526619
697,1571,765,1571,765,1602,697,1602,0.76834273
755,1571,814,1571,814,1600,755,1600,0.6889565
94,1570,171,1568,171,1599,94,1601,0.7873219
176,1564,247,1564,247,1602,176,1602,0.7797761
178,1516,248,1516,248,1544,178,1544,0.90385664
676,1513,811,1516,810,1546,676,1543,0.6857559
96,1514,169,1516,169,1544,96,1542,0.8550455
467,1517,480,1517,480,1539,467,1539,0.76342595
776,1493,811,1493,811,1501,776,1501,0.6162638
724,1494,741,1494,741,1499,724,1499,0.5382
89,1459,351,1456,352,1487,89,1490,0.6355531
467,1459,477,1459,477,1483,467,1483,0.69381106
797,1455,814,1457,811,1484,794,1482,0.4764596
525,1405,576,1405,576,1431,525,1431,0.65069044
712,1399,813,1402,813,1432,712,1430,0.6402434
467,1408,475,1407,477,1428,469,1429,0.46214864
86,1403,341,1400,341,1431,86,1433,0.60819185
583,1402,637,1400,638,1430,584,1432,0.8450108
337,1400,395,1400,395,1435,337,1435,0.74999255
691,1348,813,1348,813,1380,691,1380,0.68467873
722,1296,815,1296,815,1332,722,1332,0.80644196
579,1294,636,1294,636,1331,579,1331,0.87409866
491,1295,566,1292,568,1329,492,1332,0.8964904
414,1290,484,1290,484,1328,414,1328,0.7130157
703,1242,816,1242,816,1274,703,1274,0.71850884
525,1242,586,1242,586,1274,525,1274,0.5896172
355,1241,411,1239,413,1274,356,1277,0.7066971
580,1241,638,1239,639,1270,581,1271,0.70400596
86,1244,314,1237,315,1273,87,1280,0.508129
307,1239,361,1239,361,1275,307,1275,0.63226753
705,1192,812,1192,812,1222,705,1222,0.7500635
91,1191,418,1190,418,1218,91,1220,0.64258695
584,1191,637,1191,637,1221,584,1221,0.83242863
523,1190,581,1188,582,1221,524,1223,0.6691695
464,1192,478,1192,478,1218,464,1218,0.54554343
92,1139,416,1136,417,1165,92,1167,0.58603626
540,1138,579,1138,579,1167,540,1167,0.7555439
709,1132,813,1138,811,1171,708,1165,0.6514742
583,1136,636,1136,636,1167,583,1167,0.7773209
524,1140,540,1137,546,1163,529,1166,0.45115876
465,1139,477,1138,479,1165,467,1165,0.65042424
362,1087,415,1087,415,1113,362,1113,0.8467787
703,1082,813,1084,813,1116,702,1115,0.70588845
309,1085,360,1085,360,1113,309,1113,0.82453746
92,1083,302,1083,302,1114,92,1114,0.68044925
540,1084,582,1084,582,1115,540,1115,0.671787
524,1089,538,1087,542,1110,528,1112,0.42682675
581,1082,638,1082,638,1115,581,1115,0.77311796
465,1087,478,1087,478,1113,465,1113,0.6110141
684,1032,816,1029,816,1058,685,1062,0.79507905
722,981,813,981,813,1014,722,1014,0.8534055
577,978,634,978,634,1015,577,1015,0.874296
490,978,564,978,564,1012,490,1012,0.91176444
414,971,486,971,486,1011,414,1011,0.73576343
705,929,810,930,809,957,705,955,0.79443306
583,929,635,929,635,953,583,953,0.87837076
523,927,576,927,576,953,523,953,0.816074
359,926,414,926,414,955,359,955,0.73885024
304,923,366,923,366,958,304,958,0.6419888
227,922,309,924,308,957,227,955,0.6545724
85,921,231,921,231,961,85,961,0.5387677
463,926,477,925,479,953,465,954,0.61836004
686,872,814,872,814,904,686,904,0.7701762
723,820,811,822,810,855,722,853,0.86047506
577,820,634,820,634,856,577,856,0.9245698
490,820,564,820,564,854,490,854,0.9105032
413,813,484,813,484,853,413,853,0.80327547
708,768,811,769,810,799,707,797,0.7248184
309,768,392,769,391,797,308,795,0.7336677
583,769,634,769,634,795,583,795,0.92513955
137,769,309,767,309,794,137,796,0.65713847
466,771,478,771,478,796,466,796,0.6596806
88,766,148,769,147,798,87,795,0.46792006
521,764,580,764,580,799,521,799,0.6146916
729,718,810,718,810,745,729,745,0.8172454
705,723,734,721,735,737,706,739,0.585912
583,718,634,718,634,742,583,742,0.9127753
522,715,576,712,578,742,523,744,0.78622967
466,719,476,719,476,741,466,741,0.63686633
88,716,309,715,309,739,88,741,0.63574445
307,710,386,710,386,746,307,746,0.5615848
790,698,805,698,805,704,790,704,0.63047224
588,658,632,658,632,690,588,690,0.9483024
516,657,578,655,579,683,516,685,0.8658369
158,656,224,656,224,687,158,687,0.85695344
134,661,144,661,144,682,134,682,0.5660162
89,656,136,656,136,684,89,684,0.6003416
455,653,493,653,493,687,455,687,0.6559382
747,649,810,653,807,689,745,684,0.7971902
644,637,656,637,656,643,644,643,0.5739145
571,556,720,560,719,586,570,582,0.66834325
715,559,736,559,736,584,715,584,0.53649294
420,506,475,506,475,533,420,533,0.84404457
275,506,350,504,350,535,276,537,0.8317395
140,506,223,503,224,535,141,538,0.81315315
90,506,156,504,157,533,91,535,0.7370523
572,503,648,503,648,537,572,537,0.8787204
356,505,413,505,413,534,356,534,0.84661657
230,500,271,500,271,533,230,533,0.8665988
274,453,454,453,455,477,274,478,0.68132615
190,454,265,454,265,477,190,477,0.87615085
521,451,587,451,587,480,521,480,0.8343038
460,450,519,450,519,479,460,479,0.80670726
120,447,184,449,183,478,120,476,0.5473706
87,443,131,447,127,483,84,479,0.5858019
230,401,371,401,371,423,230,423,0.75043595
83,395,217,397,217,432,82,430,0.6807393
381,395,462,395,462,429,381,429,0.70726234
141,346,230,346,230,376,141,376,0.7762472
87,345,152,348,151,376,86,373,0.6849115
238,347,419,343,419,370,239,374,0.7246318
767,299,777,299,777,305,767,305,0.45124492
101,295,133,295,133,322,101,322,0.6709124
307,293,414,293,414,318,307,318,0.83162254
242,293,296,293,296,323,242,323,0.86340845
193,294,232,294,232,319,193,319,0.8848251
87,296,109,296,109,320,87,320,0.53416425
137,292,180,292,180,321,137,321,0.62905645
758,291,784,283,789,300,764,308,0.44673437
769,279,778,279,778,285,769,285,0.41861674
632,264,712,250,720,296,640,310,0.40218994
245,237,294,237,294,269,245,269,0.8772623
170,239,194,239,194,263,170,263,0.79488194
90,236,169,236,169,267,90,267,0.80561644
198,237,237,237,237,263,198,263,0.88065964
671,211,827,204,833,339,677,346,0.43862498
661,203,733,200,734,247,663,250,0.6193581
616,209,624,209,624,215,616,215,0.41405016
379,185,453,185,453,215,379,215,0.8745076
333,185,371,185,371,211,333,211,0.88262826
190,184,321,184,321,208,190,208,0.82052916
458,179,532,181,531,217,457,215,0.6644236
84,180,182,180,182,213,84,213,0.70750993
663,177,687,186,680,205,656,196,0.43066248
761,171,814,177,808,239,755,234,0.58569777
653,184,658,184,658,195,653,195,0.45808944
660,182,663,182,663,186,660,186,0.40981737
716,161,785,168,777,254,708,247,0.4238388
631,157,645,157,645,168,631,168,0.48897737
633,157,637,161,634,164,630,160,0.5008899
258,114,425,116,425,155,257,153,0.7530777
711,98,824,103,820,206,706,201,0.62957287
550,66,786,69,782,361,546,359,0.5184205
