321,2428,345,2428,345,2445,321,2445,
304,2431,322,2431,322,2440,304,2440,fa
669,2416,695,2416,695,2429,669,2429,
261,2401,269,2401,269,2411,261,2411,
363,2398,378,2398,378,2417,363,2417,
516,2375,692,2375,692,2463,516,2463,
276,2387,285,2387,285,2396,276,2396,
304,2386,313,2386,313,2397,304,2397,
301,2386,309,2386,309,2397,301,2397,
256,2380,284,2380,284,2402,256,2402,
229,2354,376,2354,376,2455,229,2455,
438,2312,493,2312,493,2336,438,2336,one
260,2303,351,2303,351,2336,260,2336,Valid
598,2302,684,2302,684,2338,598,2338,only
367,2303,422,2303,422,2336,367,2336,for
508,2302,579,2302,579,2334,508,2334,hour
386,2263,560,2263,560,2289,386,2289,06882503046
439,2225,543,2225,543,2246,439,2246,access
637,2223,648,2223,648,2246,637,2246,
562,2216,634,2216,634,2246,562,2246,code
349,2216,420,2216,420,2247,349,2247,wifi
261,2216,333,2216,333,2250,261,2250,Free
578,2128,668,2128,668,2164,578,2164,today
441,2131,559,2131,559,2157,441,2157,invoice
364,2128,418,2128,418,2161,364,2161,Vat
295,2127,350,2127,350,2162,295,2162,the
453,2091,507,2091,507,2116,453,2116,our
257,2084,366,2084,366,2116,257,2116,Please
522,2082,614,2082,614,2115,522,2115,staff
381,2081,437,2081,437,2115,381,2115,ask
632,2081,686,2081,686,2115,632,2115,for
486,2040,559,2040,559,2077,486,2077,youi
383,2040,472,2040,472,2072,383,2072,Thank
130,1910,202,1910,202,1940,130,1940,lude
82,1910,140,1910,140,1942,82,1942,Inc
221,1910,278,1910,278,1942,221,1942,tax
754,1904,861,1904,861,1944,754,1944,18,636
726,1881,745,1881,745,1907,726,1907,
747,1835,860,1835,860,1904,747,1904,000
608,1835,720,1835,720,1900,608,1900,205
78,1797,200,1797,200,1829,78,1829,Payment
81,1752,164,1752,164,1783,81,1783,Total
730,1745,860,1745,860,1784,730,1784,205,000
78,1708,148,1708,148,1739,78,1739,SBUX
165,1707,239,1707,239,1740,165,1740,Card
783,1709,806,1709,806,1734,783,1734,
800,1703,859,1703,859,1739,800,1739,000
732,1701,791,1701,791,1738,732,1738,205
80,1665,357,1665,357,1690,80,1690,XXXXXXXXXXXXXX
555,1531,691,1531,691,1560,555,1560,Discount
749,1529,856,1529,856,1563,749,1563,20,000
713,1524,732,1524,732,1568,713,1568,
343,1487,465,1487,465,1522,343,1522,Pudding
198,1488,321,1488,321,1518,198,1518,Coconut
124,1487,183,1487,183,1521,124,1521,Mon
792,1483,875,1483,875,1520,792,1520,5,000
766,1486,805,1486,805,1518,766,1518,45
76,1488,94,1488,94,1522,76,1522,1
553,1399,691,1399,691,1428,553,1428,Discount
747,1396,854,1396,854,1433,747,1433,20,000
710,1392,730,1392,730,1436,710,1436,
203,1356,356,1356,356,1388,203,1388,Enocolate
375,1354,498,1354,498,1390,375,1390,Pudding
122,1354,183,1354,183,1390,122,1390,Mon
74,1358,92,1358,92,1390,74,1390,1
796,1351,874,1351,874,1388,796,1388,5,000
763,1352,803,1352,803,1386,763,1386,45
745,1264,853,1264,853,1300,745,1300,70,000
535,1224,707,1224,707,1256,535,1256,Strawberry
195,1223,269,1223,269,1257,195,1257,Nuoc
123,1224,181,1224,181,1257,123,1257,Mon
409,1223,514,1223,514,1253,409,1253,shaken
322,1222,392,1222,392,1254,322,1254,Iced
74,1227,89,1227,89,1257,74,1257,1
283,1223,305,1223,305,1255,283,1255,T
725,1220,763,1220,763,1253,725,1253,GT
786,1149,796,1149,796,1157,786,1157,
791,1132,852,1132,852,1168,791,1168,000
742,1132,786,1132,786,1168,742,1168,85
193,1091,266,1091,266,1125,193,1125,Nuoc
122,1092,179,1092,179,1125,122,1125,Mon
409,1091,565,1091,565,1119,409,1119,Pistachio
73,1096,87,1096,87,1126,73,1126,T
583,1089,690,1089,690,1122,583,1122,Matcha
319,1089,392,1089,392,1123,319,1123,Iced
707,1086,797,1086,797,1120,707,1120,Latte
282,1092,302,1092,302,1125,282,1125,T
301,963,474,963,474,989,301,989,03200009123
177,962,281,962,281,992,177,992,number
69,961,157,961,157,995,69,995,Order
585,959,671,959,671,989,585,989,jan28
743,957,849,957,849,987,743,987,22:50PM
687,957,723,957,723,991,687,991,21
70,876,209,876,209,903,70,903,40400723
315,872,389,872,389,906,315,906,Manh
227,872,299,872,299,906,227,906,Pham
404,872,456,872,456,906,404,906,Dai
159,790,319,790,319,816,159,816,Balance:0
68,788,139,788,139,819,68,819,Card
325,786,368,786,368,816,325,816,00
67,745,137,745,137,776,67,776,Star
155,743,319,743,319,775,155,775,Balance:0
328,742,370,742,370,775,328,775,00
210,701,383,701,383,730,210,730,Unassigned
69,702,151,702,151,730,69,730,Level
155,660,207,660,207,685,155,685,No
206,659,487,659,487,681,206,681,XXXXXXXXXXXXXXX
64,655,138,655,138,689,64,689,Card
65,614,169,614,169,643,65,643,Member
190,612,269,612,269,643,190,643,Names
151,533,172,533,172,551,151,551,
186,530,207,530,207,550,186,550,
506,530,527,530,527,548,506,548,
329,530,350,530,350,550,329,550,
577,529,599,529,599,549,577,549,
470,529,493,529,493,549,470,549,
435,529,457,529,457,550,435,550,
399,529,419,529,419,548,399,548,
364,529,386,529,386,549,364,549,
223,529,244,529,244,550,223,550,
718,528,740,528,740,546,718,546,
684,528,705,528,705,548,684,548,
610,528,634,528,634,547,610,547,
542,528,563,528,563,548,542,548,
292,527,315,527,315,551,292,551,
257,527,281,527,281,551,257,551,
646,525,670,525,670,550,646,550,
312,477,382,477,382,515,312,515,(84)
470,478,527,478,527,510,470,510,795
399,478,454,478,454,510,399,510,243
540,475,614,475,614,509,540,509,4278
395,439,413,439,413,469,395,469,
329,434,406,434,406,472,329,472,Thuy
238,434,312,434,312,468,238,468,Xuan
504,433,592,433,592,470,504,470,Giay
433,434,490,434,490,467,433,467,Cau
165,433,223,433,223,469,165,469,241
664,433,717,433,717,466,664,466,Noi
610,433,649,433,649,466,610,466,Ha
381,390,540,390,540,419,381,419,Store-IPH
364,249,377,249,377,264,364,264,
361,231,378,231,378,248,361,248,
376,183,400,183,400,196,376,196,