368,1708,409,1708,409,1744,368,1744,ĐẠI
322,1707,363,1707,363,1739,322,1739,CHO
203,1704,256,1704,256,1738,203,1738,LIÊN
417,1706,446,1706,446,1740,417,1740,LY
262,1697,316,1697,316,1739,262,1739,DÀNH
308,1651,365,1651,365,1695,308,1695,HOÀN
238,1650,303,1650,303,1693,238,1693,KHÔNG
371,1651,411,1651,411,1694,371,1694,TRẢ
428,1613,470,1613,470,1648,428,1648,SAO
310,1612,373,1612,373,1644,310,1644,CHIEU
477,1611,505,1611,505,1648,477,1648,KẾ
131,1609,173,1609,173,1645,131,1645,HOA
380,1605,420,1605,420,1646,380,1646,vúi
180,1606,222,1606,222,1645,180,1645,
262,1600,303,1600,303,1646,262,1646,ĐỐI
228,1601,257,1601,257,1644,228,1644,
441,1566,481,1566,481,1604,441,1604,LẠI
287,1566,326,1566,326,1599,287,1599,VUI
215,1564,279,1564,279,1598,215,1598,KHÁCH
334,1562,387,1562,387,1600,334,1600,LONG
168,1559,209,1559,209,1601,168,1601,QUÝ
393,1558,436,1558,436,1600,393,1600,GIỮ
312,1409,341,1409,341,1434,312,1434,NO
349,1404,445,1404,445,1439,349,1439,required
195,1402,302,1402,302,1436,195,1436,Signature
40,1250,84,1250,84,1297,40,1297,CHỬ
172,1247,214,1247,214,1294,172,1294,THỂ
124,1247,167,1247,167,1293,124,1293,CHỦ
88,1250,118,1250,118,1293,88,1293,KÝ
103,1189,296,1189,296,1224,103,1224,
81,1196,90,1196,90,1217,81,1217,
42,1186,69,1186,69,1221,42,1221,K
103,1144,270,1144,270,1175,103,1175,00000000031010
43,1141,90,1141,90,1173,43,1173,AID:
148,1096,201,1096,201,1130,148,1130,VISA
103,1096,143,1096,143,1129,103,1129,TCB
40,1090,93,1090,93,1131,40,1131,APP
399,1052,612,1052,612,1090,399,1090,UND52
265,1060,276,1060,276,1079,265,1079,
161,1043,257,1043,257,1089,161,1089,CŨNG
42,1038,140,1038,140,1086,42,1086,TỔNG
540,961,616,961,616,995,540,995,47396?
456,959,506,959,506,995,456,995,CHI:
166,959,305,959,305,991,166,991,101810025676
388,948,450,948,450,994,388,994,CHUẦN
350,951,380,951,380,992,350,992,MÃ
80,950,163,950,163,988,80,988,TCHIẾU:
41,940,74,940,74,992,41,992,SỐ
520,915,615,915,615,946,520,946,17:58:27
177,912,294,912,294,944,177,944,18/01/2021
350,906,399,906,399,945,350,945,GIO:
42,897,104,897,104,943,42,943,NGÀY:
541,866,617,866,617,900,541,900,018803
233,863,308,863,308,895,233,895,001255
389,861,460,861,460,898,389,898,H. ĐỒN:
78,852,118,852,118,895,78,895,
351,852,383,852,383,897,351,897,SỐ
43,850,73,850,73,895,43,895,SỐ
194,820,306,820,306,847,194,847,THANH
331,809,426,809,426,851,331,851,TOÁN
554,779,619,779,619,805,554,805,
103,769,177,769,177,806,103,806,H. HẠN:
43,767,96,767,96,802,43,802,NGÀY
222,724,275,724,275,756,222,756,MINH
161,722,216,722,216,755,161,755,NHAT
102,722,156,722,156,755,102,755,DANG
351,679,616,679,616,713,351,713,2624(C)
103,674,156,674,156,709,103,709,VISA
521,585,618,585,618,617,521,617,11022054
212,582,273,582,273,618,212,618,DỤNG
163,574,206,574,206,613,163,613,UNG
45,571,111,571,111,613,45,613,PHIÊN
116,570,159,570,159,613,116,613,BẢN
440,539,619,539,619,571,440,571,000000100330703
155,534,191,534,191,566,155,566,ID:
46,532,144,532,144,566,46,566,MERCHANT
523,494,618,494,618,523,523,523,12303343
47,487,142,487,142,520,47,520,SERMINAL
156,489,192,489,192,520,156,520,ID:
533,447,618,447,618,478,533,478,LIEM-HN
449,445,491,445,491,479,449,479,NAM
498,445,526,445,526,478,498,478,TU
521,399,573,399,573,433,521,433,TUNG
579,399,621,399,621,434,579,434,MÁU
484,399,514,399,514,430,484,430,HO
438,399,479,399,479,430,438,430,199
378,397,431,397,431,431,378,431,COWA
229,404,238,404,238,424,229,424,
142,396,181,396,181,432,142,432,
189,396,218,396,218,428,189,428,LY
46,392,88,392,88,432,46,432,ĐỊA
92,382,134,382,134,427,92,427,CHỈ
477,354,618,354,618,382,477,382,4301-VINMART
94,347,133,347,133,385,94,385,ĐẠI
142,345,181,345,181,382,142,382,LY:
221,208,364,208,364,258,221,258,BIDV
51,336,87,336,87,382,51,382,1
50,662,92,662,92,709,50,709,1
49,715,93,715,93,754,49,754,1