72,1122,231,1122,231,1138,72,1138,
223,1121,301,1121,301,1137,223,1137,
297,1119,530,1119,530,1135,297,1135,
528,1115,635,1115,635,1133,528,1133,xxxxx
325,1017,439,1017,439,1057,325,1057,cộng:
210,1009,304,1009,304,1061,210,1061,lổng
468,1013,520,1013,520,1048,468,1048,40
539,1011,633,1011,633,1045,539,1045,000đ
237,960,362,960,362,1001,237,1001,khuyến
545,960,633,960,633,999,545,999,dụng
380,959,461,959,461,994,380,994,mãi:
482,950,530,950,530,1003,482,1003,Áp
318,923,380,923,380,946,318,946,6750
73,883,267,883,267,900,73,900,
259,882,389,882,389,899,259,899,
540,880,622,880,622,894,540,894,E-M-I-N
470,817,537,817,537,846,470,846,40.0
524,812,611,812,611,844,524,844,000đ
172,701,247,701,247,733,172,733,Com
92,700,140,700,140,736,92,736,1x
355,693,430,693,430,733,355,733,đùi
523,692,620,692,620,727,523,727,nướn
451,690,504,690,504,741,451,741,gà
287,691,339,691,339,734,287,734,ám
356,659,375,659,375,667,356,667,
335,659,357,659,357,668,335,668,
505,609,515,609,515,617,505,617,
225,595,297,595,297,635,225,635,nhậ:
419,602,429,602,429,623,419,623,
144,592,207,592,207,628,144,628,
325,590,390,590,390,626,325,626,lúc
504,585,528,585,528,603,504,603,
395,542,422,542,422,567,395,567,
276,540,374,540,374,566,276,566,thanh
155,536,248,536,248,570,155,570,
502,539,534,539,534,564,502,564,
247,449,436,449,436,510,247,510,H6750
155,352,225,352,225,387,155,387,hàng
59,354,142,354,142,381,59,381,khách
174,305,243,305,243,340,174,340,hàng
108,307,162,307,162,335,108,335,đơn
57,304,97,304,97,334,57,334,Số
493,297,575,297,575,328,493,328,-6750
258,265,272,265,272,283,258,283,
348,210,452,210,452,239,348,239,Lubing
473,210,554,210,554,233,473,233,innue
120,207,186,207,186,238,120,238,Cơm
200,202,283,202,283,243,200,243,Việt
305,206,333,206,333,241,305,241,
133,90,402,90,402,170,133,170,BAEM