524,1317,564,1317,564,1336,524,1336,
568,1312,633,1312,633,1342,568,1342,Quý
366,1314,451,1314,451,1335,366,1335,thành
229,1312,282,1312,282,1337,229,1337,Xin
637,1312,732,1312,732,1335,637,1335,khách
457,1312,518,1312,518,1335,457,1335,cảm
287,1312,359,1312,359,1335,287,1335,chân
736,1310,750,1310,750,1336,736,1336,
822,1251,901,1251,901,1281,822,1281,3,500
616,1249,665,1249,665,1282,616,1282,lại:
567,1250,614,1250,614,1276,567,1276,trả
492,1244,560,1244,560,1277,492,1277,Tiền
909,1243,926,1243,926,1277,909,1277,
502,1194,589,1194,589,1215,502,1215,khách
598,1194,663,1194,663,1216,598,1216,đưa:
806,1190,899,1190,899,1220,806,1220,70,000
428,1185,496,1185,496,1218,428,1218,Tiền
156,1127,221,1127,221,1151,156,1151,chữ:
433,1125,511,1125,511,1155,433,1155,nghìn
292,1126,369,1126,369,1150,292,1150,muroi
584,1125,656,1125,656,1148,584,1148,trăm
516,1125,581,1125,581,1148,516,1148,năm
372,1125,426,1125,426,1150,372,1150,sáu
226,1124,286,1124,286,1151,226,1151,Sáu
73,1120,150,1120,150,1157,73,1157,Bằng
658,1116,732,1116,732,1155,658,1155,đồng
504,1080,584,1080,584,1102,504,1102,thanh
810,1077,900,1077,900,1106,810,1106,66,500
591,1079,662,1079,662,1102,591,1102,toán:
436,1073,498,1073,498,1103,436,1103,Tiền
611,1020,664,1020,664,1044,611,1044,CK:
541,1014,604,1014,604,1045,541,1045,Tiền
878,1017,899,1017,899,1044,878,1044,
370,967,451,967,451,993,370,993,lượng:
583,965,662,965,662,994,583,994,hàng:
807,963,898,963,898,992,807,992,66,500
460,966,479,966,479,990,460,990,4
252,959,322,959,322,996,252,996,Tổng
513,958,577,958,577,989,513,989,Tiền
328,959,362,959,362,990,328,990,số
572,915,662,915,662,944,572,944,31,500
303,916,351,916,351,938,303,938,đào
189,915,263,915,263,942,189,942,Nước
75,918,161,918,161,935,75,935,J000731
807,914,898,914,898,943,807,943,31,500
402,915,437,915,437,940,402,940,1L
359,914,396,914,396,947,359,947,ép
731,912,753,912,753,942,731,942,
528,914,543,914,543,940,528,940,1
271,910,297,910,297,942,271,942,
342,887,352,887,352,899,342,899,
345,879,406,879,406,904,345,904,85gr
277,877,346,877,346,903,277,903,Food
228,876,271,876,271,902,228,902,Ori
188,875,224,875,224,902,188,902,lát
73,863,167,863,167,883,73,883,L010828
572,859,660,859,660,885,572,885,12,000
807,857,896,857,896,887,807,887,12,000
730,858,750,858,750,885,730,885,o
525,857,542,857,542,886,525,886,1
335,843,395,843,395,868,335,868,thảo
290,842,331,842,331,869,290,869,cải
190,842,241,842,241,870,190,870,Kim
400,842,443,842,443,869,400,869,cắt
247,841,286,841,286,869,247,869,chi
190,809,255,809,255,837,190,837,200g
569,793,660,793,660,822,569,822,23,000
806,792,895,792,895,821,806,821,23,000
73,794,164,794,164,815,73,815,L005505
729,791,749,791,749,818,729,818,o
525,791,539,791,539,817,525,817,1
414,776,470,776,470,805,414,805,Việt
243,777,299,777,299,801,243,801,xích
352,775,411,775,411,802,352,802,Đức
306,774,351,774,351,808,306,808,Mỹ
187,774,240,774,240,802,187,802,Xúc
332,745,438,745,438,770,332,770,182C/kg
272,743,323,743,323,773,272,773,3kg
188,744,266,744,266,767,188,767,26x42
529,733,537,733,537,742,529,742,
70,728,173,728,173,748,70,748,WO66848
638,725,661,725,661,753,638,753,
877,724,891,724,891,751,877,751,
728,724,745,724,745,752,728,752,
402,711,465,711,465,735,402,735,T.Đô
238,711,296,711,296,736,238,736,nilon
303,710,355,710,355,736,303,736,siêu
362,709,396,709,396,740,362,740,thị
187,708,232,708,232,738,187,738,Túi
109,667,167,667,167,692,109,692,hàng
249,667,293,667,293,686,249,686,Tên
67,666,105,666,105,689,67,689,Mã
756,665,829,665,829,685,756,685,Thành
608,664,648,664,648,691,608,691,giá
552,665,602,665,602,687,552,687,Đơn
300,665,343,665,343,687,300,687,sản
491,664,525,664,525,687,491,687,SL
350,663,413,663,413,690,350,690,phẩm
680,664,720,664,720,686,680,686,CK
834,661,880,661,880,686,834,686,tiền
112,579,167,579,167,607,112,607,giao
251,578,515,578,515,604,251,604,006210128182790
174,578,235,578,235,606,174,606,dịch:
525,575,616,575,616,605,525,605,3 THO
621,574,656,574,656,604,621,604,28
67,572,106,572,106,604,67,604,Số
124,521,194,521,194,548,124,548,ngân:
307,518,350,518,350,548,307,548,Thị
66,518,116,518,116,543,66,543,Thu
585,523,593,523,593,535,585,535,
493,518,563,518,563,545,493,545,Quầy
202,516,300,516,300,548,202,548,Nguyễn
432,520,447,520,447,538,432,538,
592,514,645,514,645,543,592,543,2096
354,512,425,512,425,549,354,549,Hồng
68,454,176,454,176,495,68,495,Ngày
664,454,834,454,834,482,664,482,18:28:10
186,453,271,453,271,486,186,486,bán:
406,457,420,457,420,470,406,470,
559,448,643,448,643,487,559,487,Giờ:
287,446,404,446,404,488,287,488,28/01
132,401,203,401,203,428,132,428,thoại:
272,402,381,402,381,422,272,422,06860397
64,399,126,399,126,430,64,430,Điện
210,399,262,399,262,424,210,424,046
390,398,474,398,474,422,390,422,
542,395,590,395,590,425,542,425,556
482,394,517,394,517,422,482,422,25
368,347,393,347,393,362,368,362,
429,346,439,346,439,355,429,355,
292,340,358,340,358,368,292,368,Tùng
481,340,536,340,536,364,481,364,Nội
170,340,220,340,220,363,170,363,306
64,339,110,339,110,369,64,369,Địa
451,340,491,340,491,364,451,364,Hà
117,339,163,339,163,364,117,364,chỉ:
226,340,240,340,240,368,226,368,
246,332,286,332,286,364,246,364,Hồ
428,313,453,313,453,327,428,327,
768,281,879,281,879,304,768,304,com.vn
523,281,761,281,761,300,523,300,Sieuthithanhdos
207,277,370,277,370,306,207,306,Sieuthithal
64,275,194,275,194,307,64,307,Website:
230,167,526,167,526,207,230,207,THANHDO
552,165,728,165,728,208,552,208,MART