538,1967,735,1967,735,2009,538,2009,01.11
418,1963,458,1963,458,1995,418,1995,1%
476,1960,524,1960,524,1998,476,1998,từ
297,1958,399,1958,399,1993,297,1993,Vinid
219,1951,281,1951,281,1993,219,1993,
119,1947,198,1947,198,1984,119,1984,Tích
619,1865,702,1865,702,1902,619,1902,QUỐC
520,1861,604,1861,604,1899,520,1899,TOÀN
341,1865,499,1865,499,1899,341,1899,VINMARTH
159,1857,319,1857,319,1890,159,1890,VINMART
702,1824,763,1824,763,1861,702,1861,TAI
620,1818,683,1818,683,1853,620,1853,GIA
520,1812,606,1812,606,1850,520,1850,GIẢM
380,1809,464,1809,464,1844,380,1844,HĂNG
479,1811,504,1811,504,1847,479,1847,A
299,1805,366,1805,366,1847,299,1847,MẶT
202,1802,285,1802,285,1839,202,1839,TRAM
100,1799,184,1799,184,1835,100,1835,HANG
628,1547,851,1547,851,1587,628,1587,Vinmart
449,1542,606,1542,606,1577,449,1577,Website
209,1532,425,1532,425,1568,209,1568,0247
29,1523,189,1523,189,1558,29,1558,Hot
689,1497,755,1497,755,1535,689,1535,LẠI
527,1491,597,1491,597,1529,527,1529,HEN
610,1489,675,1489,675,1532,610,1532,GẶP
470,1483,515,1483,515,1522,470,1522,VÀ
351,1481,454,1481,454,1516,351,1516,KHÁCH
270,1474,337,1474,337,1513,270,1513,QUÝ
208,1472,257,1472,257,1511,208,1511,ON
130,1469,195,1469,195,1508,130,1508,CẤM
812,1403,876,1403,876,1441,812,1441,day
716,1403,793,1403,793,1430,716,1430,same
573,1395,695,1395,695,1425,573,1425,Within
437,1390,556,1390,556,1420,437,1420,issued
372,1385,417,1385,417,1418,372,1418,be
273,1383,351,1383,351,1413,273,1413,Will
119,1379,253,1379,253,1410,119,1410,invoice
37,1375,97,1375,97,1406,37,1406,Tax
635,1344,719,1344,719,1384,635,1384,ngày
515,1343,619,1343,619,1379,515,1379,trong
432,1333,499,1333,499,1371,432,1371,đơn
353,1334,418,1334,418,1368,353,1368,hóa
253,1326,338,1326,338,1365,253,1365,xuất
175,1323,240,1323,240,1362,175,1362,Chỉ
620,1197,718,1197,718,1235,620,1235,GTGT)
519,1191,605,1191,605,1226,519,1226,thuế
357,1187,422,1187,422,1221,357,1221,bao
437,1186,502,1186,502,1229,437,1229,gồm
296,1178,344,1178,344,1219,296,1219,đã
202,1178,282,1178,282,1217,202,1217,(Giá
760,1156,885,1156,885,1188,760,1188,70.000
221,1135,285,1135,285,1170,221,1170,LAI
144,1125,205,1125,205,1165,144,1165,TRẢ
44,1121,126,1121,126,1161,44,1161,TIỀN
748,1108,883,1108,883,1141,748,1141,100
162,1079,228,1079,228,1121,162,1121,MẶT
64,1072,148,1072,148,1112,64,1112,TIÊN
764,1058,887,1058,887,1090,764,1090,30.000
266,1032,330,1032,330,1070,266,1070,TRẢ
145,1029,248,1029,248,1064,145,1064,KHÁCH
45,1022,128,1022,128,1061,45,1061,TIỀN
843,1009,872,1009,872,1043,843,1043,
286,982,370,982,370,1020,286,1020,GIẢM
243,982,271,982,271,1018,243,1018,A
146,977,230,977,230,1016,146,1016,TIÊN
47,973,129,973,129,1012,47,1012,TỔNG
766,959,891,959,891,993,766,993,30.000
350,939,471,939,471,974,350,974,T. TOÁN
247,931,331,931,331,970,247,970,PHẢI
149,927,233,927,233,967,149,967,TIẾN
50,924,131,924,131,964,50,964,TỔNG
773,858,892,858,892,893,773,893,15.000
432,846,552,846,552,880,432,880,15.000
51,834,313,834,313,873,51,873,89385
574,802,655,802,655,839,574,839,130g
489,794,554,794,554,831,489,831,dứa
433,791,476,791,476,828,433,828,la
351,790,414,790,414,824,351,824,cúc
269,790,332,790,332,821,269,821,hoa
208,781,258,781,258,825,208,825,my
54,781,193,781,193,816,54,816,NS?Bánh
777,760,896,760,896,794,777,794,15.000
435,748,555,748,555,779,435,779,15.000
55,736,311,736,311,772,55,772,89385
577,704,658,704,658,740,577,740,130g
513,693,559,693,559,732,513,732,đỏ
431,689,499,689,499,735,431,735,đậu
354,689,417,689,417,725,354,725,cúc
271,690,336,690,336,722,271,722,hoa
212,682,259,682,259,726,212,726,
58,683,195,683,195,719,58,719,NS
758,657,880,657,880,694,758,694,T. Tiển
616,654,660,654,660,689,616,689,SL
473,644,542,644,542,686,473,686,gia
414,644,461,644,461,679,414,679,dn
134,633,220,633,220,674,134,674,hang
56,629,120,629,120,672,56,672,Mặt
743,563,901,563,901,598,743,598,09018148
640,558,735,558,735,591,640,591,NYBH
147,539,217,539,217,570,147,570,001
60,529,143,529,143,572,60,572,Quây
683,508,882,508,882,545,683,545,00193113
464,502,558,502,558,532,464,532,11:11
161,489,438,489,438,528,161,528,bán: 23/01/2021
61,482,144,482,144,522,61,522,Ngày
544,449,626,449,626,485,544,485,HÀNG
463,445,528,445,528,483,463,483,BAN
399,442,449,442,449,480,399,480,ON
322,440,388,440,388,478,322,478,HÓA
492,356,739,356,739,399,492,399,024.71066866-43011
784,313,824,313,824,351,784,351,HN
708,308,781,308,781,348,708,348,Từ Liêm,
602,304,663,304,663,342,602,342,Nam
570,304,598,304,598,340,570,340,
499,301,558,301,558,337,499,337,Diện
447,294,500,294,500,336,447,336,Cầu
413,292,440,292,440,335,413,335,P
72,271,330,271,330,343,72,343,Wincommerce
779,256,835,256,835,302,779,302,Mau
709,254,776,254,776,299,709,299,Tung
618,248,667,248,667,286,618,286,199
534,248,614,248,614,281,534,281,Tower
458,245,529,245,529,279,458,279,Cowa
407,243,454,243,454,278,407,278,Toa
668,240,707,240,707,287,668,287,Ho
767,200,827,200,827,249,767,249,Mau
698,197,765,197,765,244,698,244,Tùng
530,189,602,189,602,229,530,229,Cowa
608,189,656,189,656,233,608,233,199 Hò
478,185,529,185,529,228,478,228,HNI
417,183,478,183,478,227,417,227,VM
660,186,693,186,693,233,660,233,s
657,758,673,758,673,788,657,788,s
654,854,669,854,669,886,654,886,s
670,303,703,303,703,344,670,344,1