469,1971,508,1971,508,1997,469,1997,do
415,1969,463,1969,463,1998,415,1998,the
513,1966,567,1966,567,1994,513,1994,mắt
66,1926,142,1926,142,1952,66,1952,Anna
205,1922,244,1922,244,1949,205,1949,
355,1920,411,1920,411,1951,355,1951,bạn
294,1921,347,1921,347,1946,294,1946,cho
248,1922,289,1922,289,1948,248,1948,Bh
147,1920,199,1920,199,1949,147,1949,vần
545,1922,606,1922,606,1942,545,1942,
478,1918,539,1918,539,1948,478,1948,long
425,1918,471,1918,471,1946,425,1946,Vui
866,1918,917,1918,917,1939,866,1939,
665,1916,736,1916,736,1946,665,1946,dung
613,1917,659,1917,659,1946,613,1946,ĐỘI
793,1914,858,1914,858,1944,793,1944,phia
743,1914,791,1914,791,1942,743,1942,BH
237,1876,296,1876,296,1900,237,1900,may
139,1868,229,1868,229,1900,139,1900,chắng
75,1868,135,1868,135,1898,75,1898,Nếu
304,1867,358,1867,358,1898,304,1898,bạn
363,1868,400,1868,400,1893,363,1893,
404,1866,460,1866,460,1893,404,1893,lam
525,1863,593,1863,593,1892,525,1892,kinks
464,1863,522,1863,522,1891,464,1891,Mát
730,1861,804,1861,804,1891,730,1891,dung
664,1863,723,1863,723,1887,664,1887,kink
601,1859,657,1859,657,1895,601,1895,gắy
843,1858,908,1858,908,1891,843,1891,lăng
811,1860,839,1860,839,1887,811,1887,
216,1757,297,1757,297,1789,216,1789,Làm
477,1754,569,1754,569,1790,477,1790,Hoặc
581,1754,693,1754,693,1788,581,1788,khong
452,1758,469,1758,469,1792,452,1792,
365,1752,446,1752,446,1785,365,1785,nhất
304,1751,359,1751,359,1788,304,1788,tốt
702,1751,770,1751,770,1781,702,1781,iam
777,1751,817,1751,817,1788,777,1788,gi
821,1749,868,1749,868,1781,821,1781,ca
799,1600,876,1600,876,1633,799,1633,ngàn
564,1600,648,1600,648,1629,564,1629,Nhàn
742,1600,792,1600,792,1628,742,1628,thu
659,1600,730,1600,730,1629,659,1629,viên
883,1598,912,1598,912,1626,883,1626,xt
367,1507,417,1507,417,1545,367,1545,lại
305,1507,359,1507,359,1542,305,1542,Du
244,1460,350,1460,350,1488,244,1488,Khach
361,1459,417,1459,417,1487,361,1487,trá:
762,1456,907,1456,907,1484,762,1484,600.000
506,1453,625,1453,625,1490,506,1490,chuyên
637,1453,749,1453,749,1482,637,1482,khoan
458,1453,495,1453,495,1494,458,1494,
234,1404,326,1404,326,1447,234,1447,Tổng
333,1403,414,1403,414,1438,333,1438,tiền
845,1402,909,1402,909,1432,845,1432,000
773,1402,842,1402,842,1432,773,1432,600
219,1360,305,1360,305,1390,219,1390,Chiết
124,1357,209,1357,209,1399,124,1399,Tổng
317,1356,413,1356,413,1388,317,1388,Khấu
139,1316,160,1316,160,1336,139,1336,L
152,1310,234,1310,234,1340,152,1340,OAN
310,1307,390,1307,390,1337,310,1337,CAO
243,1301,300,1301,300,1340,243,1340,
85,1288,99,1288,99,1313,85,1313,
570,1283,705,1283,705,1306,570,1306,300.000
767,1276,904,1276,904,1305,767,1305,600.000
526,1281,548,1281,548,1310,526,1310,2
184,1261,302,1261,302,1287,184,1287,CHEM
131,1260,172,1260,172,1292,131,1292,M.
316,1258,389,1258,389,1287,316,1287,1.60
398,1255,479,1255,479,1291,398,1291,CẬN
599,1196,668,1196,668,1233,599,1233,GIÁ
793,1196,876,1196,876,1229,793,1229,TIÊN
61,1193,80,1193,80,1206,61,1206,
77,1187,124,1187,124,1211,77,1211,
334,1178,389,1178,389,1213,334,1213,SP
508,1176,564,1176,564,1216,508,1216,SL
251,1176,327,1176,327,1213,251,1213,TÊN
704,1175,766,1175,766,1209,704,1209,CK
586,1152,674,1152,674,1181,586,1181,DON
771,1147,899,1147,899,1178,771,1178,THÀNH
52,1060,183,1060,183,1082,52,1082,KHUYEN
483,1060,548,1060,548,1077,483,1077,
192,1058,251,1058,251,1089,192,1089,MẠI
321,1057,421,1057,421,1085,321,1085,những
257,1058,314,1058,314,1082,257,1082,cho
557,1053,632,1053,632,1083,557,1083,hàng
642,1052,706,1052,706,1082,642,1082,sau)
429,1050,475,1050,475,1080,429,1080,lần
47,1008,114,1008,114,1038,47,1038,Diện
121,1007,195,1007,195,1036,121,1036,thoại
207,1004,311,1004,311,1030,207,1030,035398
599,1005,653,1005,653,1026,599,1026,
515,1001,592,1001,592,1030,515,1030,thoại
442,1001,506,1001,506,1032,442,1032,điện
324,1003,380,1003,380,1031,324,1031,821
660,999,719,999,719,1030,660,1030,ban
380,997,434,997,434,1033,380,1033,(Số
763,998,882,998,882,1023,763,1023,Voucher
726,998,754,998,754,1025,726,1025,fà
46,954,99,954,99,987,46,987,Địa
101,953,156,953,156,982,101,982,chỉ:
47,903,135,903,135,929,47,929,Khach
145,901,216,901,216,932,145,932,hàng
233,901,318,901,318,930,233,930,quynh
326,901,379,901,379,925,326,925,anh
359,796,454,796,454,828,359,828,ĐƠN
258,789,351,789,351,831,258,831,HÓA
467,788,554,788,554,828,467,828,BÁN
566,785,685,785,685,825,566,825,HÀNG
404,679,606,679,606,701,404,701,0978886634
331,678,388,678,388,706,331,706,ĐT
244,628,305,628,305,666,244,666,Địa
316,630,380,630,380,657,316,657,chế
607,626,697,626,697,660,607,660,Thủy
503,626,594,626,594,654,503,654,Xuân
452,627,495,627,495,656,452,656,10
391,621,443,621,443,658,391,658,Số
316,576,412,576,412,610,316,610,Kinh
515,574,623,574,623,603,515,603,Anna
425,566,505,566,505,609,425,609,Mắt
522,493,621,493,621,538,522,538,eyes
433,488,512,488,512,537,433,537,for
332,488,424,488,424,534,332,534,Gift
513,427,524,427,524,433,513,433,
420,423,475,423,475,440,420,440,
355,359,607,359,607,480,355,480,
406,358,441,358,441,370,406,370,
367,283,382,283,382,291,367,291,
367,270,403,270,403,288,367,288,
351,217,516,217,516,381,351,381,