497,1533,632,1533,632,1558,497,1558,28/01/21
292,1494,311,1494,311,1503,292,1503,
304,1489,365,1489,365,1507,304,1507,
390,1483,475,1483,475,1510,390,1510,Ctr12
568,1481,703,1481,703,1506,568,1506,
494,1479,544,1479,544,1510,494,1510,ID:
119,1436,252,1436,252,1462,119,1462,Hotliner
283,1435,419,1435,419,1458,283,1458,
495,1433,593,1433,593,1459,495,1459,Phisu
438,1431,476,1431,476,1463,438,1463,So
619,1431,736,1431,736,1457,619,1457,
297,1385,378,1385,378,1411,297,1411,QUAYS
493,1382,613,1382,613,1417,493,1417,
403,1379,440,1379,440,1412,403,1412,12
188,1239,242,1239,242,1271,188,1271,pay
115,1234,170,1234,170,1266,115,1266,Air
656,1232,770,1232,770,1258,656,1258,144.000
277,1182,347,1182,347,1212,277,1212,CONG
186,1180,260,1180,260,1213,186,1213,TONG
722,1183,769,1183,769,1204,722,1204,
435,1180,492,1180,492,1211,435,1211,DON
365,1180,420,1180,420,1213,365,1213,HOA
186,1035,256,1035,256,1064,186,1064,TONG
275,1033,345,1033,345,1064,275,1064,CONG
648,1031,768,1031,768,1059,648,1059,144.000
115,987,252,987,252,1012,115,1012,DISCOUNT
133,940,182,940,182,964,133,964,
347,936,515,936,515,959,347,959,
236,936,323,936,323,963,236,963,Phone
416,885,467,885,467,910,416,910,
362,885,411,885,411,910,362,910,22
664,882,767,882,767,908,664,908,22.000
114,837,233,837,233,863,114,863,
253,835,338,835,338,861,253,861,
360,833,431,833,431,863,360,863,MASK
608,832,729,832,729,859,608,859,
449,832,520,832,520,862,449,862,JEJU
535,829,592,829,592,865,535,865,MNA
749,828,806,828,806,861,749,861,TRA
415,786,463,786,463,808,415,808,
646,782,764,782,764,808,646,808,110,000
800,777,821,777,821,809,800,809,3
259,741,278,741,278,752,259,752,
111,734,232,734,232,763,111,763,3017850
360,735,427,735,427,759,360,759,MASH
649,732,727,732,727,758,649,758,
608,732,660,732,660,758,608,758,
449,731,518,731,518,761,449,761,JETU
533,730,589,730,589,762,533,762,MNA
747,728,804,728,804,760,747,760,TRA
364,690,393,690,393,706,364,706,
387,685,461,685,461,708,387,708,
658,680,764,680,764,708,658,708,39.000
800,679,818,679,818,709,800,709,3
252,636,389,636,389,659,252,659,SEXYLED
109,634,231,634,231,663,109,663,3017310
409,632,464,632,464,663,409,663,MAT
603,629,675,629,675,660,603,660,NOUR
533,630,589,630,589,661,533,661,DEN
480,630,519,630,519,663,480,663,na
692,628,748,628,748,660,692,660,MUN
765,628,819,628,819,661,765,661,2BM
365,593,385,593,385,603,365,603,
388,585,459,585,459,606,388,606,
657,579,761,579,761,608,657,608,39.000
799,579,816,579,816,609,799,609,
252,536,390,536,390,562,252,562,SEXYLOOK
106,533,228,533,228,562,106,562,3071275
408,531,463,531,463,563,408,563,MAT
621,531,673,531,673,561,621,561,TRA
530,529,605,529,605,563,530,563,TRAN
477,530,516,530,516,562,477,562,NA
691,528,759,528,759,560,691,560,2BML
634,484,660,484,660,502,634,502,
621,476,672,476,672,510,621,510,UND
160,436,281,436,281,462,160,462,VIETNAM
462,434,597,434,597,459,462,459,
372,431,438,431,438,462,372,462,(04)
297,430,352,430,352,463,297,463,DT
298,383,371,383,371,414,298,414,Hang
391,383,528,383,528,409,391,409,GUARDIAN
227,382,283,382,283,415,227,415,
547,377,619,377,619,411,547,411,5276
243,289,299,289,299,320,243,320,gia
190,291,228,291,228,317,190,317,co
619,283,705,283,705,316,619,316,trong
385,286,457,286,457,312,385,312,xuat
317,285,367,285,367,314,317,314,tri
103,282,172,282,172,316,103,316,(Chi
721,278,808,278,808,317,721,317,ngay
472,280,530,280,530,312,472,312,hoa
546,280,600,280,600,313,546,313,don
392,238,452,238,452,259,392,259,
175,234,345,234,345,262,175,262,PHIEL
570,235,696,235,696,258,570,258,
443,234,521,234,521,260,443,260,