513,1318,570,1318,570,1350,513,1350,ON
418,1313,507,1313,507,1352,418,1352,CẢM
662,1312,806,1312,806,1345,662,1345,KHÁCHI
574,1310,661,1310,661,1355,574,1355,QUÝ
422,1212,479,1212,479,1240,422,1240,tám
296,1212,345,1212,345,1243,296,1243,Hai
227,1211,291,1211,291,1243,227,1243,chữ:
145,1208,220,1208,220,1249,145,1249,Bằng
482,1210,554,1210,554,1241,482,1241,trăm
346,1208,417,1208,417,1248,346,1248,triệu
724,1208,788,1208,788,1239,724,1239,năm
638,1205,719,1205,719,1246,638,1246,nghìn
558,1206,635,1206,635,1241,558,1241,mười
865,1203,941,1203,941,1243,865,1243,đồng
789,1205,860,1205,860,1237,789,1237,trăm
1022,1203,1057,1203,1057,1237,1022,1237,
945,1202,1016,1202,1016,1234,945,1234,chắn
207,1120,279,1120,279,1160,207,1160,thực
155,1122,206,1122,206,1157,155,1157,Trả
1120,1110,1263,1110,1263,1140,1120,1140,2,810,500
155,1078,229,1078,229,1115,155,1115,Tổng
233,1076,291,1076,291,1108,233,1108,tiền
1125,1068,1263,1068,1263,1096,1125,1096,2,810,500
232,1031,310,1031,310,1062,232,1062,Nước
316,1031,380,1031,380,1062,316,1062,Suối
155,1032,179,1032,179,1064,155,1064,6
855,1025,952,1025,952,1054,855,1054,20,000
720,1024,745,1024,745,1056,720,1056,5
1148,1020,1262,1020,1262,1049,1148,1049,100,000
302,987,360,987,360,1026,302,1026,gác
231,986,299,986,299,1017,231,1017,Trâu
361,982,419,982,419,1023,361,1023,bếp
154,989,176,989,176,1019,154,1019,5
839,982,950,982,950,1011,839,1011,135,000
724,982,745,982,745,1013,724,1013,1
1145,977,1260,977,1260,1005,1145,1005,135,000
233,945,289,945,289,973,233,973,Hoa
294,942,351,942,351,981,294,981,quả
356,939,425,939,425,971,356,971,Bưởi
151,943,177,943,177,975,151,975,4
838,937,948,937,948,967,838,967,245,000
1145,935,1258,935,1258,963,1145,963,490,000
719,937,742,937,742,967,719,967,2
231,898,290,898,290,929,231,929,Hoa
294,895,355,895,355,932,294,932,Quả
357,895,408,895,408,927,357,927,Roi
151,898,175,898,175,930,151,930,3
836,892,947,892,947,922,836,922,250,000
1146,889,1256,889,1256,919,1146,919,500,000
717,892,743,892,743,924,717,924,2
230,853,318,853,318,882,230,882,TIGER
322,850,393,850,393,881,322,881,NEW
151,854,174,854,174,883,151,883,2
832,855,846,855,846,866,832,866,
852,847,947,847,947,876,852,876,38,000
701,848,741,848,741,876,701,876,30
1123,845,1255,845,1255,875,1123,875,1,140,000
341,803,452,803,452,841,341,841,(0 h 59)
284,806,337,806,337,838,284,838,Hát
227,806,281,806,281,840,227,840,Giờ
150,808,170,808,170,841,150,841,1
833,803,947,803,947,831,833,831,450,000
676,803,738,803,738,834,676,834,0.99
1140,799,1254,799,1254,829,1140,829,445,500
293,761,372,761,372,797,293,797,phẩm
229,762,286,762,286,794,229,794,Sản
149,762,209,762,209,794,149,794,STT
964,756,1050,756,1050,792,964,792,CK(%)
751,758,811,758,811,788,751,788,Đơn
815,756,863,756,863,793,815,793,giá
665,758,705,758,705,788,665,788,SL
1064,753,1139,753,1139,793,1064,793,Tổng
1142,753,1202,753,1202,786,1142,786,tiền
708,670,772,670,772,702,708,702,ĐƠN
636,667,702,667,702,704,636,704,HÓA
198,585,280,585,280,621,198,621,ngân:
344,580,420,580,420,621,344,621,ngân
138,584,194,584,194,616,138,616,Thu
283,582,342,582,342,614,283,614,Thu
423,581,443,581,443,615,423,615,1
196,542,400,542,400,565,196,565,20201229.015
136,538,192,538,192,570,136,570,HĐ:
809,533,882,533,882,563,809,563,HĐB:
887,531,1234,531,1234,559,887,559,CS1.401.20201229.0002
137,498,202,498,202,524,137,524,Bàn:
207,495,261,495,261,524,207,524,401
805,488,844,488,844,517,805,517,In:
1126,484,1207,484,1207,515,1126,515,SK: 0
847,489,864,489,864,514,847,514,
259,451,341,451,341,476,259,476,2020-1
189,450,251,450,251,481,189,481,vào:
337,450,421,450,421,476,337,476,12-29
424,446,550,446,550,475,424,475,20:12:24
134,448,187,448,187,481,134,481,Giờ
861,448,899,448,899,473,861,473,ra:
905,445,985,445,985,470,905,470,2020-1
1072,444,1197,444,1197,469,1072,469,21:12:36
984,443,1068,443,1068,468,984,468,12-29
804,442,857,442,857,475,804,475,Giờ
507,353,709,353,709,382,507,382,0928.13.9999
410,351,496,351,496,381,410,381,SĐT:
743,351,948,351,948,375,743,375,0399.24.9999
718,354,738,354,738,384,718,384,
712,284,805,284,805,318,712,318,Tông
629,284,705,284,705,314,629,314,Thái
496,285,536,285,536,315,496,315,58
416,282,487,282,487,318,416,318,ĐC:
865,281,929,281,929,318,865,318,Nội
543,278,623,278,623,314,543,314,Trần
810,271,864,271,864,312,810,312,Hà
376,208,580,208,580,249,376,249,GREEN
598,205,792,205,792,245,598,245,PEARL
812,201,972,201,972,243,812,243,CLUB