491,1921,524,1921,524,1927,491,1927,
461,1919,473,1919,473,1927,461,1927,
435,1919,452,1919,452,1926,435,1926,
233,1863,286,1863,286,1886,233,1886,
608,1863,625,1863,625,1875,608,1875,
619,1858,660,1858,660,1885,619,1885,
648,1850,748,1850,748,1892,648,1892,
196,1783,246,1783,246,1803,196,1803,Cảm
493,1784,539,1784,539,1801,493,1801,quý
376,1783,422,1783,422,1803,376,1803,gập
320,1783,362,1783,362,1804,320,1804,Hẹn
255,1783,300,1783,300,1803,255,1803,on 
433,1781,480,1781,480,1803,433,1803,lại
552,1780,628,1780,628,1797,552,1797,khách
199,1762,241,1762,241,1774,199,1774,HOT
302,1763,313,1763,313,1774,302,1774,
242,1761,304,1761,304,1774,242,1774,LINE
331,1758,449,1758,449,1774,331,1774,19001208
214,1740,239,1740,239,1753,214,1753,un
168,1738,201,1738,201,1753,168,1753,
199,1740,207,1740,207,1750,199,1750,
109,1737,154,1737,154,1751,109,1751,and
242,1736,268,1736,268,1755,242,1755,n)
138,1718,183,1718,183,1726,138,1726,
182,1718,235,1718,235,1725,182,1725,rount
374,1716,391,1716,391,1726,374,1726,
261,1716,332,1716,332,1725,261,1725,
345,1714,372,1714,372,1727,345,1727,
403,1712,447,1712,447,1725,403,1725,not
485,1711,568,1711,568,1724,485,1724,flowed
696,1713,708,1713,708,1720,696,1720,1
643,1712,685,1712,685,1719,643,1719,
465,1711,492,1711,492,1724,465,1724,
226,1690,258,1690,258,1705,226,1705,
153,1688,212,1688,212,1709,153,1709,Hàng
271,1690,332,1690,332,1702,271,1702,
374,1687,407,1687,407,1705,374,1705,
108,1687,134,1687,134,1707,108,1707,3.
342,1686,373,1686,373,1704,342,1704,mi
477,1684,526,1684,526,1702,477,1702,trả
136,1685,155,1685,155,1708,136,1708,1
418,1683,464,1683,464,1703,418,1703,doi.
282,1669,298,1669,298,1677,282,1677,
226,1668,284,1668,284,1677,226,1677,
326,1667,349,1667,349,1680,326,1680,01
111,1666,227,1666,227,1678,111,1678,tranufacts
227,1645,243,1645,243,1657,227,1657,
116,1641,212,1641,212,1660,116,1660,Accept
239,1640,316,1640,316,1659,239,1659,hange
330,1641,359,1641,359,1654,330,1654,
361,1639,419,1639,419,1656,361,1656,thin
463,1638,524,1638,524,1657,463,1657,days
543,1639,599,1639,599,1651,543,1651,
598,1638,625,1638,625,1651,598,1651,
638,1634,672,1634,672,1655,638,1655,by
140,1622,183,1622,183,1636,140,1636,ong
195,1619,256,1619,256,1636,195,1636,vong
108,1618,139,1618,139,1635,108,1635,
317,1616,374,1616,374,1635,317,1635,ngay
268,1614,300,1614,300,1633,268,1633,03
269,1591,330,1591,330,1610,269,1610,hang
153,1591,198,1591,198,1608,153,1608,Chi
211,1591,255,1591,255,1608,211,1608,đói
106,1590,136,1590,136,1610,106,1610,2.
343,1588,389,1588,389,1607,343,1607,hoa
565,1588,612,1588,612,1604,565,1604,
137,1589,155,1589,155,1612,137,1612,1
507,1586,552,1586,552,1604,507,1604,nha
402,1587,435,1587,435,1606,402,1606,do
623,1587,685,1587,685,1602,623,1602,xuất
446,1585,492,1585,492,1605,446,1605,
256,1570,319,1570,319,1582,256,1582,
139,1568,223,1568,223,1582,139,1582,scount
112,1567,136,1567,136,1583,112,1583,
241,1568,255,1568,255,1583,241,1583,1
165,1547,236,1547,236,1559,165,1559,
332,1543,432,1543,432,1562,332,1562,Loyally
243,1545,314,1545,314,1556,243,1556,
105,1543,151,1543,151,1561,105,1561,Not
475,1545,488,1545,488,1554,475,1554,
486,1543,514,1543,514,1556,486,1556,
449,1542,480,1542,480,1557,449,1557,
558,1543,575,1543,575,1554,558,1554,
541,1543,551,1543,551,1554,541,1554,t
152,1522,222,1522,222,1535,152,1535,
110,1520,137,1520,137,1537,110,1537,
357,1520,392,1520,392,1532,357,1532,ue
239,1520,296,1520,296,1534,239,1534,0111
175,1497,208,1497,208,1509,175,1509,
146,1498,182,1498,182,1510,146,1510,
429,1498,444,1498,444,1504,429,1504,
254,1495,325,1495,325,1509,254,1509,Illect
461,1495,564,1495,564,1504,461,1504,
341,1493,398,1493,398,1508,341,1508,13111
558,1494,577,1494,577,1504,558,1504,
106,1473,180,1473,180,1489,106,1489,
192,1473,225,1473,225,1488,192,1488,
238,1471,298,1471,298,1487,238,1487,CTKN
150,1448,211,1448,211,1468,150,1468,dụng
224,1448,270,1448,270,1465,224,1465,cho
104,1446,140,1446,140,1470,104,1470,
283,1446,343,1446,343,1464,283,1464,KHFT
413,1446,462,1446,462,1461,413,1461,
489,1446,521,1446,521,1461,489,1461,
357,1444,401,1444,401,1462,357,1462,khi
473,1446,491,1446,491,1460,473,1460,
533,1443,596,1443,596,1462,533,1462,phấm
108,1425,167,1425,167,1442,108,1442,
400,1423,446,1423,446,1441,400,1441,gia
223,1422,284,1422,284,1439,223,1439,tich
298,1421,343,1421,343,1441,298,1441,Lnyt
458,1420,506,1420,506,1440,458,1440,tr4
357,1421,389,1421,389,1439,357,1439,3%
576,1419,637,1419,637,1437,576,1437,hàng
178,1419,212,1419,212,1441,178,1441,để
518,1417,566,1417,566,1436,518,1436,don
299,1401,315,1401,315,1413,299,1413,v
150,1398,197,1398,197,1419,150,1419,Quý
312,1399,340,1399,340,1415,312,1415,vui
208,1397,283,1397,283,1416,208,1416,khách
105,1398,134,1398,134,1417,105,1417,1
429,1395,489,1395,489,1415,429,1415,nhận
356,1395,417,1395,417,1417,356,1417,lòng
503,1394,550,1394,550,1414,503,1414,hoa
136,1396,152,1396,152,1418,136,1418,
621,1393,655,1393,655,1410,621,1410,tu
562,1392,609,1392,609,1412,562,1412,don
665,1391,726,1391,726,1408,665,1408,nhán
106,1355,152,1355,152,1369,106,1369,sau
192,1351,263,1351,263,1370,192,1370,ngày)
165,1349,181,1349,181,1369,165,1369,3
131,1332,165,1332,165,1342,131,1342,1111
174,1328,204,1328,204,1344,174,1344,Y
298,1325,359,1325,359,1342,298,1342,tich
372,1323,416,1323,416,1344,372,1344,
249,1323,283,1323,283,1342,249,1342,
221,1323,259,1323,259,1341,221,1341,
561,1323,590,1323,590,1338,561,1338,
429,1323,460,1323,460,1340,429,1340,
471,1321,536,1321,536,1338,471,1338,hiện
133,1303,179,1303,179,1320,133,1320,RWP
628,1295,674,1295,674,1312,628,1312,470.
679,1294,712,1294,712,1312,679,1312,00
283,1281,308,1281,308,1294,283,1294,
235,1278,268,1278,268,1296,235,1296,
206,1278,232,1278,232,1294,206,1294,hi
131,1274,196,1274,196,1296,131,1296,
130,1255,177,1255,177,1273,130,1273,
616,1247,673,1247,673,1265,616,1265,470
678,1246,710,1246,710,1265,678,1265,00
342,1233,362,1233,362,1243,342,1243,
368,1232,397,1232,397,1242,368,1242,
276,1232,323,1232,323,1244,276,1244,1
206,1230,265,1230,265,1246,206,1246,tish
129,1226,192,1226,192,1248,129,1248,Điền
203,1206,227,1206,227,1222,203,1222,
128,1201,190,1201,190,1223,128,1223,Điền
129,1182,175,1182,175,1199,129,1199,RWP
676,1173,708,1173,708,1191,676,1191,00
645,1173,671,1173,671,1193,645,1193,0.
368,1159,420,1159,420,1171,368,1171,
231,1158,262,1158,262,1174,231,1174,ch
203,1158,230,1158,230,1175,203,1175,
277,1157,321,1157,321,1174,277,1174,
335,1155,362,1155,362,1175,335,1175,tr
126,1152,188,1152,188,1177,126,1177,Điển
125,1134,173,1134,173,1151,125,1151,long
188,1134,227,1134,227,1149,188,1149,Lin
395,1130,438,1130,438,1151,395,1151,luy
322,1131,380,1131,380,1148,322,1148,tach
244,1128,309,1128,309,1149,244,1149,điển
127,1084,187,1084,187,1103,127,1103,Bank
171,1062,218,1062,218,1082,171,1082,hop
228,1059,320,1059,320,1081,228,1081,phuong
97,1059,159,1059,159,1080,97,1080,sing
543,1062,556,1062,556,1070,543,1070,
334,1058,393,1058,393,1075,334,1075,
408,1058,482,1058,482,1074,408,1074,thanh
172,1039,203,1039,203,1055,172,1055,
98,1038,158,1038,158,1057,98,1057,Tổng
336,1039,350,1039,350,1051,336,1051,3
348,1037,379,1037,379,1051,348,1051,au
215,1036,274,1036,274,1053,215,1053,tiền
393,1034,453,1034,453,1050,393,1050,thue
288,1034,321,1034,321,1053,288,1053,TT
642,1035,653,1035,653,1045,642,1045,
567,1030,648,1030,648,1049,567,1049,1,208
659,1028,714,1028,714,1046,659,1046,000
717,1029,748,1029,748,1045,717,1045,00
291,1012,352,1012,352,1027,291,1027,tiên
364,1011,423,1011,423,1026,364,1026,
435,1008,484,1008,484,1028,435,1028,vat
228,1007,277,1007,277,1032,228,1032,
668,1007,718,1007,718,1021,668,1021,24
719,1007,746,1007,746,1020,719,1020,
127,994,156,994,156,1007,127,1007,
174,991,213,991,213,1004,174,1004,
291,988,348,988,348,1003,291,1003,theo
245,989,275,989,275,1005,245,1005,TT
365,988,422,988,422,1001,365,1001,
727,983,745,983,745,994,727,994,
171,965,215,965,215,982,171,982,
243,963,273,963,273,981,243,981,TT
289,963,348,963,348,979,289,979,thep
616,958,654,958,654,972,616,972,57.
712,959,744,959,744,969,712,969,
655,957,715,957,715,972,655,972,524.
214,947,227,947,227,956,214,956,t
221,945,272,945,272,956,221,956,
173,945,199,945,199,958,173,958,
287,943,302,943,302,960,287,960,1
306,939,348,939,348,955,306,955,Lầm
614,941,622,941,622,947,614,947,
620,936,650,936,650,952,620,952,0
710,935,744,935,744,948,710,948,
659,935,712,935,712,948,659,948,000
211,919,258,919,258,934,211,934,
139,920,166,920,166,932,139,932,Gi
273,918,334,918,334,930,273,930,tten
353,918,378,918,378,931,353,931,
376,917,404,917,404,930,376,930,ng
172,916,198,916,198,933,172,933,im
416,911,477,911,477,928,416,928,
730,913,743,913,743,921,730,921,
117,894,167,894,167,910,117,910,hành
224,894,245,894,245,912,224,912,n
208,894,222,894,222,909,208,909,
182,892,213,892,213,911,182,911,t1
676,890,700,890,700,897,676,897,
658,888,672,888,672,897,658,897,
166,871,197,871,197,886,166,886,
219,868,283,868,283,887,219,887,
212,871,223,871,223,884,212,884,1
90,867,150,867,150,889,90,889,
339,869,359,869,359,883,339,883,ng
299,866,347,866,347,885,299,885,hàn
242,823,264,823,264,836,242,836,t
150,821,210,821,210,838,150,838,
296,821,358,821,358,837,296,837,a (sau
259,821,301,821,301,836,259,836,ian
386,817,427,817,427,835,386,835,KN;
208,796,255,796,255,813,208,813,MKD
149,796,193,796,193,813,149,813,Tni
361,795,460,795,460,808,361,808,
313,794,353,794,353,811,313,811,
266,793,300,793,300,812,266,812,
152,775,184,775,184,787,152,787,3A
188,772,310,772,310,786,188,786,ONI LOM40:
356,770,387,770,387,785,356,785,00
327,770,353,770,353,786,327,786,0.
267,750,355,750,355,762,267,762,
150,749,221,749,221,763,150,763,
387,748,425,748,425,763,387,763,KN
241,750,256,750,256,763,241,763,
683,741,708,741,708,757,683,757,0.
151,725,188,725,188,741,151,741,
206,725,252,725,252,740,206,740,KED
268,723,297,723,297,736,268,736,
154,703,271,703,271,713,154,713,
368,700,384,700,384,711,368,711,1
167,680,198,680,198,689,167,689,
239,679,256,679,256,690,239,690,
382,674,423,674,423,690,382,690,KM;
151,658,196,658,196,670,151,670,
190,659,203,659,203,666,190,666,
394,656,410,656,410,664,394,664,
221,653,260,653,260,670,221,670,gói
384,654,399,654,399,665,384,665,
340,651,370,651,370,670,340,670,My
414,651,488,651,488,665,414,665,ingdom
148,634,161,634,161,644,148,644,
163,631,293,631,293,642,163,642,
372,630,381,630,381,638,372,638,
708,624,735,624,735,634,708,634,
236,606,351,606,351,620,236,620,
146,604,217,604,217,621,146,621,Phán
379,600,422,600,422,620,379,620,KN)
650,598,698,598,698,613,650,613,000
591,596,643,596,643,616,591,616,669,
163,584,207,584,207,594,163,594,
145,582,161,582,161,595,145,595,G
651,574,697,574,697,588,651,588,000
592,572,640,572,640,590,592,590,470
265,561,282,561,282,568,265,568,
144,556,189,556,189,574,144,574,Tâu
204,555,248,555,248,572,204,572,
366,555,408,555,408,569,366,569,
152,534,211,534,211,546,152,546,
384,534,401,534,401,542,384,542,
413,531,457,531,457,543,413,543,000
472,530,509,530,509,541,472,541,
701,527,730,527,730,537,701,537,
649,526,708,526,708,542,649,542,000
587,525,642,525,642,544,587,544,129;
148,511,214,511,214,522,148,522,
380,506,414,506,414,521,380,521,KN
615,503,640,503,640,518,615,518,9
649,501,697,501,697,518,649,518,000
221,487,251,487,251,497,221,497,
143,486,186,486,186,501,143,501,Hoc
278,487,308,487,308,497,278,497,
441,486,473,486,473,493,441,493,
318,485,349,485,349,495,318,495,
520,483,558,483,558,497,520,497,
407,484,423,484,423,493,407,493,
646,476,689,476,689,493,646,493,khi
573,474,634,474,634,493,573,493,điều
146,466,173,466,173,472,146,472,
405,464,426,464,426,470,405,470,10
323,464,378,464,378,472,323,472,
173,462,274,462,274,471,173,471,
645,452,702,452,702,470,645,470,000.
707,454,733,454,733,467,707,467,IC
587,451,642,451,642,472,587,472,549,
399,439,410,439,410,449,399,449,
233,437,275,437,275,451,233,451,
90,437,126,437,126,452,90,452,
140,436,171,436,171,452,140,452,M.
183,434,217,434,217,452,183,452,3P
423,436,438,436,438,447,423,447,
300,435,319,435,319,451,300,451,81
334,433,379,433,379,450,334,450,Bon
572,429,644,429,644,445,572,445,Thành
658,423,720,423,720,445,658,445,tiền
111,414,126,414,126,426,111,426,
142,412,216,412,216,426,142,426,khách
226,408,301,408,301,429,226,429,hang:
422,408,462,408,462,424,422,424,DIT
526,408,556,408,556,420,526,420,
488,408,510,408,510,418,488,418,A
316,404,406,404,406,423,316,423,NGUYỄN
80,389,112,389,112,404,80,404,1
127,387,199,387,199,402,127,402,khach
215,386,284,386,284,403,215,403,hang i
321,386,433,386,433,395,321,395,
79,364,149,364,149,380,79,380,N/BH:
333,361,393,361,393,377,333,377,HOÀN
271,360,290,360,290,381,271,381,H
166,358,259,358,259,379,166,379,
295,360,319,360,319,377,295,377,
278,340,336,340,336,354,278,354,
123,339,169,339,169,356,123,356,Thu
77,339,110,339,110,358,77,358,NV
182,339,251,339,251,354,182,354,Neana
345,337,435,337,435,351,345,351,Nguyên
79,316,147,316,147,332,79,332,Quầy:
168,315,285,315,285,327,168,327,
217,293,243,293,243,301,217,301,
79,290,148,290,148,309,79,309,Ngày
237,292,309,292,309,301,237,301,
407,289,429,289,429,300,407,300,
584,287,593,287,593,298,584,298,
642,283,673,283,673,300,642,300,PM
598,283,627,283,627,299,598,299,18
347,241,465,241,465,251,347,251,
315,242,325,242,325,255,315,255,
286,240,312,240,312,256,286,256,DI
290,219,331,219,331,232,290,232,
224,216,254,216,254,235,224,235,H.
209,198,219,198,219,204,209,204,
255,194,299,194,299,208,255,208,1
227,195,241,195,241,208,227,208,6
315,192,374,192,374,207,315,207,
443,190,478,190,478,208,443,208,M
494,190,531,190,531,206,494,206,
386,189,440,189,440,208,386,208,Phú
75,171,122,171,122,189,75,189,Của
134,169,197,169,197,189,134,189,hang
252,168,359,168,359,184,252,184,KRINGDOM
210,168,241,168,241,188,210,188,
372,167,432,167,432,183,372,183,
442,165,490,165,490,182,442,182,
548,164,611,164,611,181,548,181,DONG
505,164,538,164,538,183,505,183,HA
291,142,501,142,501,156,291,156,