506,1519,541,1519,541,1540,506,1540,LIS
552,1514,637,1514,637,1542,552,1542,again.
415,1514,491,1514,491,1537,415,1537,visit
231,1513,287,1513,287,1540,231,1540,
335,1511,401,1511,401,1537,335,1537,ease
140,1508,218,1508,218,1536,140,1536,Thank
307,1510,337,1510,337,1537,307,1537,P1
562,1480,621,1480,621,1501,562,1501,ea
403,1477,550,1477,550,1501,403,1501,Luckyt
376,1478,417,1478,417,1497,376,1497,L
365,1479,376,1479,376,1496,365,1496,
301,1474,359,1474,359,1501,301,1501,wifi
163,1473,286,1473,286,1498,163,1498,Passyord
614,1443,678,1443,678,1469,614,1469,ngay
308,1442,357,1442,357,1466,308,1466,cạp
232,1442,295,1442,295,1463,232,1463,cung
521,1439,601,1439,601,1467,521,1467,trong
369,1436,448,1436,448,1465,369,1465,thong
170,1438,220,1438,220,1463,170,1463,ong
460,1436,510,1436,510,1464,460,1464,tin
94,1433,138,1433,138,1461,94,1461,Vui
158,1434,171,1434,171,1459,158,1459,1
306,1403,356,1403,356,1425,306,1425,can
552,1400,632,1400,632,1428,552,1428,chinh
491,1399,538,1399,538,1427,491,1427,tai
430,1398,480,1398,480,1426,430,1426,dori
368,1397,417,1397,417,1426,368,1426,hoa
217,1397,295,1397,295,1423,217,1423,khach
154,1394,203,1394,203,1426,154,1426,Quy
640,1361,715,1361,715,1393,640,1393,tocay
518,1362,624,1362,624,1388,518,1388,invoice
239,1364,286,1364,286,1385,239,1385,our
453,1360,502,1360,502,1388,453,1388,VAT
300,1359,378,1359,378,1385,300,1385,staff
391,1357,440,1357,440,1388,391,1388,for
178,1357,229,1357,229,1385,178,1385,ask
72,1357,164,1357,164,1382,72,1382,Please
416,1284,489,1284,489,1311,416,1311,Name:
261,1281,339,1281,339,1313,261,1313,Pager
352,1280,406,1280,406,1314,352,1314,No/
626,1247,714,1247,714,1276,626,1276,75, coc
120,1240,166,1240,166,1273,120,1273,PAY
71,1241,108,1241,108,1273,71,1273,
611,1210,698,1210,698,1236,611,1236,000
523,1208,595,1208,595,1239,523,1239,76
125,1208,269,1208,269,1233,125,1233,TOTAL
280,1211,292,1211,292,1232,280,1232,
626,1172,716,1172,716,1201,626,1201,76, 000
319,1172,391,1172,391,1196,319,1196,Total
397,1175,407,1175,407,1194,397,1194,a
253,1167,305,1167,305,1198,253,1198,Sub
646,1144,683,1144,683,1154,646,1154,
686,1144,696,1144,696,1156,686,1156,
702,1142,716,1142,716,1157,702,1157,
634,1106,665,1106,665,1119,634,1119,
668,1100,713,1100,713,1125,668,1125,100
194,1094,274,1094,274,1126,194,1126,khong
119,1094,183,1094,183,1126,119,1126,King
331,1093,396,1093,396,1124,331,1124,200G
285,1095,321,1095,321,1124,285,1124,Bo
72,1093,106,1093,106,1123,72,1123,Cf
704,1068,716,1068,716,1080,704,1080,L
645,1067,671,1067,671,1079,645,1079,
688,1068,696,1068,696,1080,688,1080,
631,1023,680,1023,680,1051,631,1051,Cos
491,1019,544,1019,544,1053,491,1053,Qty
203,1021,234,1021,234,1047,203,1047,NE
174,1019,207,1019,207,1047,174,1047,Na
96,1016,156,1016,156,1049,96,1049,It.en
439,944,518,944,518,972,439,972,15:05
228,944,380,944,380,969,228,969,28/12/2020
530,944,568,944,568,974,530,974,AM
394,943,437,943,437,973,394,973,09:
555,908,634,908,634,936,555,936,Hoang
370,906,481,906,481,936,370,936,Serv:Ng
493,907,538,907,538,935,493,935,Thi
645,907,679,907,679,936,645,936,Nh
282,905,328,905,328,934,282,934,195
215,903,275,903,275,936,215,936,5:24
97,905,195,905,195,931,97,931,Trarsits
293,870,497,870,497,894,293,894,RECEIPT
490,800,543,800,543,823,490,823,
441,800,484,800,484,822,441,822,
308,795,375,795,375,819,308,819,Hour
266,793,297,793,297,824,266,824,ce
238,792,264,792,264,823,238,823,vi
185,789,237,789,237,822,185,822,Ser
371,765,389,765,389,773,371,773,
311,762,344,762,344,777,311,777,
294,763,305,763,305,773,294,773,
443,756,505,756,505,783,443,783,2222
515,754,567,754,567,785,515,785,
242,753,287,753,287,782,242,782,
456,718,503,718,503,744,456,744,
516,716,563,716,563,744,516,744,Noi
413,715,463,715,463,744,413,744,IPH
301,715,367,715,367,741,301,741,LONG
227,713,294,713,294,745,227,745,FHUG
389,633,419,633,419,652,389,652,long
420,633,475,633,475,646,420,646,richaosal
334,631,387,631,387,650,334,650,huy/phuc
310,631,345,631,345,648,310,648,
411,611,444,611,444,630,411,630,cập:
380,611,411,611,411,630,380,630,truy
342,610,380,610,380,630,342,630,Hoặc
414,590,453,590,453,610,414,610,
376,590,416,590,416,609,376,609,đồng
455,589,492,589,492,608,455,608,
295,589,331,589,331,606,295,606,Quét
330,589,357,589,357,607,330,607,
355,587,378,587,378,607,355,607,để
414,556,428,556,428,564,414,564,
369,449,388,449,388,457,369,457,L
464,448,480,448,480,457,464,457,
317,448,334,448,334,456,317,456,
308,448,323,448,323,457,308,457,
355,416,411,416,411,431,355,431,
420,369,455,369,455,388,420,388,Toa
399,369,417,369,417,389,399,389,
336,366,398,366,398,386,336,386,
359,337,399,337,399,351,359,351,Sin c
402,336,435,336,435,353,402,353,
388,326,452,326,452,336,388,336,
339,327,386,327,386,335,339,335,
402,299,507,299,507,329,402,329,LONG
281,299,388,299,388,329,281,329,PHUC
288,212,324,212,324,254,288,254,