507,1719,519,1719,519,1727,507,1727,
158,1712,189,1712,189,1731,158,1731,
342,1703,356,1703,356,1712,342,1712,
318,1703,344,1703,344,1715,318,1715,
380,1698,423,1698,423,1720,380,1720,
423,1680,587,1680,587,1749,423,1749,
126,1674,323,1674,323,1753,126,1753,
536,1540,581,1540,581,1554,536,1554,same
590,1534,628,1534,628,1560,590,1560,day
458,1535,524,1535,524,1553,458,1553,withing
377,1533,446,1533,446,1552,377,1552,issued
287,1532,332,1532,332,1551,287,1551,will
342,1532,368,1532,368,1553,342,1553,be
197,1531,276,1531,276,1551,197,1551,invoice
155,1532,187,1532,187,1552,155,1552,Tax
457,1505,504,1505,504,1524,457,1524,ngay
413,1505,447,1505,447,1522,413,1522,long
241,1502,267,1502,267,1517,241,1517,
332,1498,379,1498,379,1517,332,1517,xuat
275,1496,323,1496,323,1517,275,1517,duoc
389,1497,409,1497,409,1518,389,1518,tr
194,1496,231,1496,231,1517,194,1517,don
150,1494,187,1494,187,1517,150,1517,Hoa
479,1460,525,1460,525,1489,479,1489,YOU)
401,1460,469,1460,469,1487,401,1487,(THANK
321,1460,358,1460,358,1483,321,1483,CAM
253,1460,312,1460,312,1481,253,1481,THANH
366,1460,392,1460,392,1484,366,1484,ON
195,1459,244,1459,244,1481,195,1481,CHAN
150,1458,187,1458,187,1481,150,1481,XIN
196,1321,233,1321,233,1341,196,1341,en:
172,1323,188,1323,188,1340,172,1340,v
129,1317,164,1317,164,1340,129,1340,Hoi
84,1316,121,1316,121,1340,84,1340,the
49,1316,76,1316,76,1340,49,1340,Ma
639,1252,674,1252,674,1275,639,1275,800
604,1251,638,1251,638,1277,604,1277,49,
220,1248,267,1248,267,1273,220,1273,mat)
154,1245,214,1245,214,1274,154,1274,
64,1246,99,1246,99,1271,64,1271,Ira
108,1246,142,1246,142,1271,108,1271,lai
593,1182,637,1182,637,1207,593,1207,110,
640,1183,675,1183,675,1205,640,1205,000
118,1179,155,1179,155,1200,118,1200,nat
65,1177,111,1177,111,1198,65,1198,Tien
606,1113,638,1113,638,1135,606,1135,60,
638,1112,676,1112,676,1135,638,1135,200
201,1108,255,1108,255,1128,201,1128,THUE:
110,1106,157,1106,157,1128,110,1128,TIEN
165,1107,189,1107,189,1128,165,1128,
51,1105,100,1105,100,1127,51,1127,Túng
640,1078,676,1078,676,1098,640,1098,727
606,1076,637,1076,637,1101,606,1101,54,
199,1079,212,1079,212,1095,199,1095,a
222,1073,278,1073,278,1094,222,1094,thue:
52,1071,100,1071,100,1096,52,1096,Tong
165,1072,194,1072,194,1093,165,1093,ch
109,1071,155,1071,155,1093,109,1093,tiun
638,1041,676,1041,676,1064,638,1064,473
617,1040,637,1040,637,1065,617,1065,5,
109,1037,165,1037,165,1057,109,1057,thue:
52,1035,99,1035,99,1057,52,1057,Tian
627,1006,665,1006,665,1029,627,1029,473
606,1005,626,1005,626,1030,606,1030,5,
64,999,153,999,153,1024,64,1024,10(3vat)
639,972,675,972,675,993,639,993,400
618,971,638,971,638,994,618,994,2,
220,969,268,969,268,993,220,993,gia:
198,971,213,971,213,988,198,988,
108,966,155,966,155,988,108,988,tian
51,965,99,965,99,990,51,990,Tong
163,965,187,965,187,992,163,992,gi
617,901,654,901,654,924,617,924,400
504,901,536,901,536,921,504,921,
483,902,505,902,505,920,483,920,
595,900,616,900,616,925,595,925,2
586,867,653,867,653,888,586,888,29, 200
461,864,517,864,517,886,461,886,7,300
141,862,190,862,190,882,141,882,86088
68,862,133,862,133,881,68,881,893467
391,864,405,864,405,886,391,886,4
200,862,213,862,213,884,200,884,4
629,831,676,831,676,853,629,853,3 VAT
595,832,620,832,620,853,595,853,10
358,829,427,829,427,850,358,850,07TC20
301,828,348,828,348,850,301,850,1006
256,827,293,827,293,850,256,850,VNM
212,827,248,827,248,850,212,850,CAY
155,826,192,826,192,849,155,849,TRA
98,826,147,826,147,848,98,848,CHUN
54,826,91,826,91,849,54,849,
616,796,654,796,654,819,616,819,000
597,797,616,797,616,819,597,819,8
482,794,519,794,519,817,482,817,000
460,795,481,795,481,818,460,818,8
392,796,404,796,404,814,392,814,1
67,793,193,793,193,810,67,810,09998800-141964
202,793,213,793,213,813,202,813,4
631,761,676,761,676,783,631,783,
596,762,621,762,621,783,596,783,10
225,761,313,761,313,778,225,778,MOUNFILS
403,759,440,759,440,782,403,782,456
358,759,395,759,395,781,358,781,DAU
324,759,347,759,347,781,324,781,VỊ
157,758,195,758,195,778,157,778,BAU
56,758,145,758,145,777,56,777,ABKR-BANAN
203,759,212,759,212,778,203,778,I
619,727,655,727,655,748,619,748,400
585,725,616,725,616,751,585,751,25,
484,725,519,725,519,746,484,746,400
450,724,482,724,482,749,450,749,25
394,727,403,727,403,744,394,744,1
68,723,190,723,190,741,68,741,089360202650
202,722,214,722,214,743,202,743,6
631,690,676,690,676,712,631,712,
597,691,620,691,620,712,597,712,10
383,689,439,689,439,711,383,711,85ML4
247,689,325,689,325,707,247,707,BETRGEN
335,687,371,687,371,711,335,711,DUA
201,688,238,688,238,708,201,708,MEN
155,686,192,686,192,708,155,708,LEN
100,687,146,687,146,706,100,706,UÔNG
55,684,91,684,91,708,55,708,SUA
631,620,679,620,679,644,631,644,TIEN
562,618,621,618,621,642,562,642,Thanh
496,619,531,619,531,641,496,641,GIA
449,618,486,618,486,641,449,641,DON
369,617,429,617,429,641,369,641,LUONG
336,616,362,616,362,641,336,641,SO
100,615,147,615,147,637,100,637,PHAI
53,614,91,614,91,637,53,637,San
120,583,175,583,175,606,120,606,hang 2
54,581,112,581,112,601,54,601,Khach
99,547,157,547,157,571,99,571,ngan
199,545,271,545,271,573,199,573,26 HOA
55,544,91,544,91,567,55,567,Thu
177,545,191,545,191,567,177,567,
553,516,609,516,609,535,553,535,10:29
496,515,540,515,540,537,496,537,Gio;
199,513,236,513,236,531,199,531,102
156,512,206,512,206,532,156,532,220
53,511,112,511,112,534,53,534,Quay:
566,479,666,479,666,504,566,504,10/2/2020
494,479,550,479,550,504,494,504,Ngay:
204,478,359,478,359,496,204,496,077041022023933
135,476,171,476,171,498,135,498,lon
170,476,190,476,190,497,170,497,1
88,474,125,474,125,497,88,497,Hoa
53,470,81,470,81,498,53,498,So
381,375,454,375,454,418,381,418,BAN
469,374,519,374,519,417,469,417,LE
289,374,364,374,364,417,289,417,DON
201,374,272,374,272,417,201,417,HOA
462,343,487,343,487,359,462,359,vn
269,340,312,340,312,359,269,359,www.
316,339,438,339,438,357,316,357,Aeoncitimar
203,335,259,335,259,356,203,356,site:
442,338,458,338,458,358,442,358,t.
157,335,192,335,192,356,157,356,Hob
350,305,460,305,460,321,350,321,0312629241
279,302,338,302,338,323,279,323,Thue:
213,302,238,302,238,322,213,322,Ma
246,301,272,301,272,322,246,322,So
427,268,464,268,464,289,427,289,888
381,267,418,267,418,290,381,290,954
235,265,336,265,336,291,235,291,Tel: (024)
349,267,373,267,373,288,349,288,37
642,233,687,233,687,259,642,259,Noi,
508,233,561,233,561,258,508,258,Giay,
371,232,424,232,424,257,371,257,Vong,
573,231,633,231,633,255,573,255,TP. Ha
462,232,499,232,499,255,462,255,Cau
224,230,277,230,277,257,224,257,Thuy,
201,235,214,235,214,252,201,252,n
438,231,460,231,460,254,438,254,0.
291,230,361,230,361,253,291,253,P. Di chi
166,229,197,229,197,251,166,251,Xu.
122,228,158,228,158,252,122,252,239
610,181,627,181,627,189,610,189,
527,180,555,180,555,187,527,187,
502,179,528,179,528,188,502,188,
343,166,393,166,393,190,343,190,mọi
199,169,224,169,224,185,199,185,13
167,169,193,169,193,184,167,184,m
397,166,437,166,437,192,397,192,gia
441,165,500,165,500,188,441,188,đình
290,165,337,165,337,187,290,187,cúa
229,161,284,161,284,185,229,185,sắm
117,162,161,162,161,184,117,184,Noi
195,131,207,131,207,139,195,139,
271,106,621,106,621,152,271,152,Citimart
117,97,256,97,256,151,117,151,EON