452,950,470,950,470,958,452,958,Lan
336,915,416,915,416,946,336,946,UNDERED
279,920,326,920,326,944,279,944,INTER
131,909,285,909,285,956,131,956,Lan The Trang The The The Thung
394,904,528,904,528,958,394,958,UNDERED
64,835,163,835,163,865,64,865,CASHIER:
195,834,249,834,249,864,195,864,3201
534,832,552,832,552,860,534,860,A
126,809,257,809,257,829,126,829,024379601910
65,807,112,807,112,833,65,833,Tel:
150,779,226,779,226,801,150,801,infooks
64,777,138,777,138,803,64,803,Email:
232,774,348,774,348,805,232,805,market.vn
113,753,152,753,152,773,113,773,cam
159,751,189,751,189,774,159,774,on
63,748,103,748,103,773,63,773,Xin
197,747,208,747,208,772,197,772,1
536,731,546,731,546,737,536,737,1
135,715,201,715,201,743,135,743,ITEMS
62,714,126,714,126,743,62,743,TOTAL
293,712,357,712,357,742,293,742,TOTAL
539,718,546,718,546,728,539,728,p
364,711,423,711,423,743,364,743,QTYS
134,658,218,658,218,685,134,685,CHANGE:
62,654,117,654,117,685,62,685,CASH
483,652,552,652,552,684,483,684,3,000
59,624,114,624,114,654,59,654,CASH
467,618,550,618,550,654,467,654,57,000
62,551,152,551,152,598,62,598,PAYMENT
471,539,554,539,554,603,471,603,57,000
57,518,138,518,138,545,57,545,SURTAX
267,516,379,516,379,548,267,548,ITEMPRICE
144,516,255,516,255,546,144,546,EXEMPTIONS
467,509,549,509,549,547,467,547,57,000
57,470,162,470,162,523,57,523,DISCOUNT
465,460,553,460,553,529,465,529,3,000
57,424,124,424,124,474,57,474,TOTAL
470,415,550,415,550,478,470,478,66,000
117,363,158,363,158,395,117,395,03]
69,362,113,362,113,397,69,397,[DC
469,358,548,358,548,393,469,393,-9,000
70,337,200,337,200,360,70,360,48854761951
296,334,378,334,378,362,296,362,22,000
197,334,242,334,242,360,197,360,1406
466,332,545,332,545,358,466,358,66,000
201,304,253,304,253,329,201,329,HANH
263,304,316,304,316,329,263,329,NHAN
397,302,460,302,460,329,397,329,DUONG
322,302,387,302,387,329,322,329,KHONG
105,301,194,301,194,332,105,332,IPP) SUA
54,300,97,300,97,333,54,333,001
469,301,509,301,509,329,469,329,137
516,301,547,301,547,330,516,330,DE
59,246,155,246,155,272,59,272,ITEMCODE
468,243,543,243,543,270,468,270,AMOUNT
382,242,426,242,426,272,382,272,QTY
309,242,373,242,373,272,309,272,PRICE
269,184,318,184,318,213,269,213,1-30
249,186,278,186,278,211,249,211,11
187,184,249,184,249,212,187,212,2020-1
490,183,546,183,546,211,490,211,0023
322,182,481,182,481,213,322,213,10:50POS:0001
56,179,132,179,132,218,56,218,[DATE]
202,162,214,162,214,178,202,178,1
124,153,195,153,195,182,124,182,09:00
224,154,289,154,289,179,224,179,22:00
55,154,118,154,118,181,55,181,OPEN:
164,125,275,125,275,151,164,151,INDOCHINA
52,123,153,123,153,152,52,152,K?MARKET
