222,2296,251,2296,251,2314,222,2314,
315,2284,325,2284,325,2307,315,2307,
159,2278,194,2278,194,2314,159,2314,
103,2278,138,2278,138,2315,103,2315,
273,2277,309,2277,309,2314,273,2314,OH
829,2273,906,2273,906,2310,829,2310,,000
222,2278,251,2278,251,2297,222,2297,
770,2272,827,2272,827,2307,770,2307,781
107,2253,135,2253,135,2270,107,2270,
314,2240,324,2240,324,2264,314,2264,
221,2237,250,2237,250,2266,221,2266,
158,2233,196,2233,196,2270,158,2270,
273,2232,308,2232,308,2269,273,2269,OH
106,2235,134,2235,134,2257,106,2257,
882,2227,906,2227,906,2263,882,2263,
314,2197,324,2197,324,2220,314,2220,
274,2191,308,2191,308,2222,274,2222,OH
214,2190,252,2190,252,2225,214,2225,AII
158,2190,195,2190,195,2226,158,2226,
116,2194,132,2194,132,2209,116,2209,
109,2195,122,2195,122,2207,109,2207,
826,2187,904,2187,904,2221,826,2221,,000
789,2185,829,2185,829,2219,789,2219,71
222,2165,248,2165,248,2181,222,2181,
313,2154,324,2154,324,2178,313,2178,
159,2147,194,2147,194,2183,159,2183,OH
272,2146,308,2146,308,2182,272,2182,OH
221,2149,250,2149,250,2167,221,2167,
769,2141,904,2141,904,2177,769,2177,710,000
100,2145,135,2145,135,2174,100,2174,
104,2059,225,2059,225,2094,104,2094,
293,2058,340,2058,340,2097,293,2097,
250,2057,289,2057,289,2095,250,2095,H
104,2040,117,2040,117,2052,104,2052,L
122,2031,151,2031,151,2052,122,2052,
369,2019,552,2019,552,2042,369,2042,2021-01-17
579,2017,635,2017,635,2042,579,2042,21
621,2015,729,2015,729,2044,621,2044,16:55
291,2014,343,2014,343,2052,291,2052,
234,2017,265,2017,265,2052,234,2052,
177,2017,208,2017,208,2052,177,2052,
123,2019,150,2019,150,2035,123,2035,
104,2017,113,2017,113,2026,104,2026,
101,2000,116,2000,116,2010,101,2010,L
123,1992,152,1992,152,2009,123,2009,
232,1973,267,1973,267,2009,232,2009,H
175,1972,209,1972,209,2010,175,2010,
293,1970,341,1970,341,2010,293,2010,
120,1975,150,1975,150,1991,120,1991,
102,1954,116,1954,116,1968,102,1968,L
122,1945,151,1945,151,1966,122,1966,
123,1933,150,1933,150,1953,123,1953,
824,1925,902,1925,902,1962,824,1962,1,000
233,1928,268,1928,268,1967,233,1967,3
175,1928,208,1928,208,1967,175,1967,
767,1924,825,1924,825,1960,767,1960,781
291,1928,322,1928,322,1953,291,1953,OH
213,1887,250,1887,250,1920,213,1920,
290,1885,339,1885,339,1920,290,1920,
782,1880,902,1880,902,1919,782,1919,71,000
119,1886,151,1886,151,1906,119,1906,L
102,1886,111,1886,111,1898,102,1898,
102,1869,111,1869,111,1877,102,1877,L
174,1842,210,1842,210,1878,174,1878,OH
767,1839,900,1839,900,1873,767,1873,710,000
234,1841,268,1841,268,1879,234,1879,3
115,1842,151,1842,151,1871,115,1871,ph
287,1839,339,1839,339,1877,287,1877,
369,1801,481,1801,481,1830,369,1830,
114,1800,191,1800,191,1833,114,1833,
251,1799,338,1799,338,1832,251,1832,
215,1802,248,1802,248,1831,215,1831,OH
103,1780,111,1780,111,1788,103,1788,L
404,1762,431,1762,431,1778,404,1778,A
371,1758,397,1758,397,1779,371,1779,
171,1754,210,1754,210,1792,171,1792,
117,1756,149,1756,149,1790,117,1790,
288,1751,342,1751,342,1792,288,1792,
229,1752,267,1752,267,1793,229,1793,
449,1754,472,1754,472,1768,449,1768,
365,1716,440,1716,440,1733,365,1733,xxxx
292,1709,339,1709,339,1748,292,1748,
437,1711,591,1711,591,1734,437,1734,
232,1711,264,1711,264,1746,232,1746,
178,1712,203,1712,203,1736,178,1736,
95,1706,155,1706,155,1751,95,1751,
297,1689,321,1689,321,1698,297,1698,TT
180,1671,203,1671,203,1691,180,1691,
234,1668,265,1668,265,1701,234,1701,
95,1665,152,1665,152,1706,95,1706,
365,1577,645,1577,645,1615,365,1615,
281,1577,343,1577,343,1608,281,1608,xxx
665,1577,728,1577,728,1608,665,1608,xxx
104,1459,114,1459,114,1467,104,1467,
158,1451,182,1451,182,1474,158,1474,L
233,1450,262,1450,262,1475,233,1475,D
760,1404,900,1404,900,1477,760,1477,781,000
96,1413,129,1413,129,1453,96,1453,
233,1412,264,1412,264,1444,233,1444,
155,1412,185,1412,185,1447,155,1447,
284,1408,323,1408,323,1476,284,1476,OH
233,1365,259,1365,259,1389,233,1389,
99,1359,127,1359,127,1387,99,1387,
157,1356,183,1356,183,1388,157,1388,2
760,1316,900,1316,900,1391,760,1391,781,000
95,1323,128,1323,128,1369,95,1369,
282,1320,321,1320,321,1390,282,1390,OH
233,1323,261,1323,261,1354,233,1354,
155,1322,184,1322,184,1361,155,1361,
816,1229,897,1229,897,1268,816,1268,,000
761,1229,815,1229,815,1262,761,1262,781
591,1230,623,1230,623,1262,591,1262,AI
271,1204,294,1204,294,1223,271,1223,T
780,1187,895,1187,895,1222,780,1222,71,000
590,1189,623,1189,623,1220,590,1220,
270,1190,297,1190,297,1211,270,1211,
400,1146,432,1146,432,1178,400,1178,
269,1142,375,1142,375,1178,269,1178,
815,1143,893,1143,893,1178,815,1178,1,000
761,1141,821,1141,821,1176,761,1176,710
154,1066,180,1066,180,1089,154,1089,H
91,1062,127,1062,127,1099,91,1099,
817,1059,894,1059,894,1093,817,1093,,000
761,1060,820,1060,820,1092,761,1092,710
233,1062,258,1062,258,1078,233,1078,
284,1060,315,1060,315,1085,284,1085,OH
878,1025,891,1025,891,1037,878,1037,
91,977,202,977,202,1004,91,1004,000023
472,972,586,972,586,1008,472,1008,60,000
778,972,894,972,894,1008,778,1008,60,000
280,931,357,931,357,961,280,961,Lanh
93,928,205,928,205,967,93,967,
221,930,263,930,263,967,221,967,My
91,891,202,891,202,917,91,917,000026
130,847,239,847,239,879,130,879,
434,844,529,844,529,880,434,880,Tuong
261,844,337,844,337,875,261,875,Canh
91,845,122,845,122,877,91,877,
355,841,415,841,415,876,355,876,dau
90,803,201,803,201,832,90,832,000025
474,801,587,801,587,835,474,835,10,000
781,798,892,798,892,834,781,834,10,000
92,756,201,756,201,797,92,797,
221,758,279,758,279,790,221,790,Com
90,718,200,718,200,745,90,745,000218
453,716,584,716,584,748,453,748,640,000
758,712,892,712,892,748,758,748,640,000
664,713,681,713,681,745,664,745,1
168,675,445,675,445,703,168,703,
85,670,144,670,144,706,85,706,31
468,670,489,670,489,703,468,703,2
802,603,831,603,831,618,802,618,
659,589,683,589,683,614,659,614,
551,584,583,584,583,616,551,616,
490,582,526,582,526,616,490,616,
320,585,347,585,347,606,320,606,
243,582,278,582,278,623,243,623,
164,581,200,581,200,625,164,625,
856,581,887,581,887,607,856,607,OH
817,585,829,585,829,596,817,596,
90,496,200,496,200,531,90,531,
260,457,444,457,444,482,260,482,2021?01?17
142,453,233,453,233,489,142,489,
470,453,620,453,620,482,470,482,21:16:55
87,451,142,451,142,488,87,488,
200,414,441,414,441,436,200,436,024-3205-3111
88,407,176,407,176,447,88,447,[TEL]
108,371,142,371,142,400,108,400,
258,369,427,369,427,395,258,395,122?R6?30B
448,367,544,367,544,396,448,396,RORAL
183,365,234,365,234,403,183,403,
562,364,641,364,641,397,562,397,CITY
87,323,231,323,231,359,87,359,
257,323,351,323,351,353,257,353,ROYAL
371,322,448,322,448,353,371,353,CITY
582,285,664,285,664,313,582,313,ngay
774,285,832,285,832,309,774,309,cam
850,284,890,284,890,310,850,310,on
659,285,673,285,673,310,659,310,
467,279,564,279,564,314,467,314,trong
371,279,445,279,445,309,371,309,xuat
158,278,218,278,218,313,158,313,don
81,278,141,278,141,313,81,313,hoa
696,278,755,278,755,310,696,310,xin
292,276,350,276,350,312,292,312,chi
234,276,277,276,277,313,234,313,do
375,256,396,256,396,270,375,270,
84,235,271,235,271,270,84,270,
702,235,884,235,884,265,702,265,
564,233,675,233,675,270,564,270,
428,229,544,229,544,275,428,275,
295,233,330,233,330,271,295,271,
325,230,373,230,373,275,325,275,
374,233,406,233,406,257,374,257,c
316,154,328,154,328,172,316,172,L
450,131,490,131,490,146,450,146,
403,107,503,107,503,173,403,173,
349,102,428,102,428,173,349,173,
317,114,327,114,327,140,317,140,