366,1879,443,1879,443,1916,366,1916,you
256,1876,350,1876,350,1909,256,1909,Thank
465,1843,523,1843,523,1867,465,1867,mua
625,1847,634,1847,634,1870,625,1870,
541,1837,622,1837,622,1873,541,1873,hang
293,1839,370,1839,370,1866,293,1866,ngay
386,1832,446,1832,446,1865,386,1865,khi
217,1827,276,1827,276,1866,217,1866,lay
119,1825,195,1825,195,1862,119,1862,nghi
62,1823,102,1823,102,1858,62,1858,de
543,1791,640,1791,640,1822,543,1822,chinh
465,1788,524,1788,524,1821,465,1821,tai
236,1790,295,1790,295,1814,236,1814,can
388,1785,449,1785,449,1818,388,1818,don
311,1783,371,1783,371,1817,311,1817,hoa
120,1780,217,1780,217,1811,120,1811,khach
42,1776,103,1776,103,1813,42,1813,Quy
566,1742,640,1742,640,1777,566,1777,len
486,1742,546,1742,546,1775,486,1775,tro
335,1739,468,1739,468,1769,335,1769,70.000d
65,1738,104,1738,104,1764,65,1764,CO
276,1737,316,1737,316,1769,276,1769,tu
199,1734,256,1734,256,1768,199,1768,tri
119,1732,182,1732,182,1770,119,1770,gia
602,1697,662,1697,662,1731,602,1731,don
295,1697,336,1697,336,1728,295,1728,ap
525,1696,583,1696,583,1729,525,1729,hoa
448,1694,508,1694,508,1727,448,1727,cho
352,1691,433,1691,433,1729,352,1729,dung
219,1686,276,1686,276,1721,219,1721,chi
141,1686,201,1686,201,1719,141,1719,sat
46,1684,124,1684,124,1716,46,1716,Khao
449,1656,508,1656,508,1680,449,1680,mua
355,1653,433,1653,433,1682,355,1682,ngay
608,1658,619,1658,619,1684,608,1684,
527,1649,606,1649,606,1688,527,1688,hang
144,1648,223,1648,223,1677,144,1677,ngay
297,1643,339,1643,339,1678,297,1678,tu
239,1640,280,1640,280,1676,239,1676,ke
88,1638,128,1638,128,1672,88,1672,15
584,1612,665,1612,665,1642,584,1642,vong
470,1603,569,1603,569,1639,470,1639,trong
338,1599,453,1599,453,1635,338,1635,thuong
257,1594,317,1594,317,1629,257,1629,doi
182,1594,239,1594,239,1627,182,1627,tri
105,1591,166,1591,166,1630,105,1630,gia
46,1589,89,1589,89,1623,46,1623,Co
432,1562,491,1562,491,1586,432,1586,mua
336,1559,416,1559,416,1588,336,1588,ngay
591,1563,603,1563,603,1590,591,1590,
508,1555,589,1555,589,1594,508,1594,hang
125,1554,203,1554,203,1582,125,1582,ngay
278,1550,319,1550,319,1582,278,1582,tu
220,1548,263,1548,263,1582,220,1582,ke
489,1509,548,1509,548,1543,489,1543,sat
625,1513,645,1513,645,1544,625,1544,7
569,1509,608,1509,608,1545,569,1545,Ia
393,1505,472,1505,472,1539,393,1539,khao
315,1504,376,1504,376,1541,315,1541,gia
221,1502,299,1502,299,1534,221,1534,tham
143,1498,203,1498,203,1532,143,1532,han
50,1496,126,1496,126,1530,50,1530,Thoi
402,1468,413,1468,413,1491,402,1491,
282,1459,398,1459,398,1494,282,1494,thuong
146,1460,187,1460,187,1486,146,1486,
203,1453,261,1453,261,1487,203,1487,doi
87,1451,129,1451,129,1485,87,1485,Ma
187,1414,257,1414,257,1442,187,1442,
266,1411,628,1411,628,1451,266,1451,talk2kfovietnam
155,1417,164,1417,164,1438,155,1438,
91,1405,147,1405,147,1438,91,1438,tai
590,1378,648,1378,648,1408,590,1408,qua
436,1374,476,1374,476,1400,436,1400,va
494,1368,572,1368,572,1401,494,1401,nhan
359,1364,419,1364,419,1397,359,1397,sat
263,1362,342,1362,342,1395,263,1395,khao
185,1361,245,1361,245,1397,185,1397,gia
93,1357,170,1357,170,1391,93,1391,Tham
462,1322,669,1322,669,1356,462,1356,18:49:03
399,1319,437,1319,437,1353,399,1353,21
321,1317,381,1317,381,1350,321,1350,Jan
265,1315,307,1315,307,1349,265,1349,20
132,1314,247,1314,247,1347,132,1347,CLOSED
54,1309,114,1309,114,1345,54,1345,2
461,1276,593,1276,593,1311,461,1311,172,000
113,1268,244,1268,244,1300,113,1300,Payment
461,1229,593,1229,593,1264,461,1264,172,000
214,1230,224,1230,224,1252,214,1252,
114,1218,205,1218,205,1251,114,1251,Total
464,1184,593,1184,593,1218,464,1218,172,000
191,1174,283,1174,283,1205,191,1205,Total
112,1171,172,1171,172,1204,112,1204,Sub
465,1117,593,1117,593,1150,465,1150,172,000
113,1104,193,1104,193,1138,113,1138,CASH
480,1069,594,1069,594,1102,480,1102,50
250,1062,328,1062,328,1094,250,1094,FREE
386,1065,405,1065,405,1097,386,1097,E
154,1061,232,1061,232,1092,154,1092,EGGT
349,1065,365,1065,365,1096,349,1096,1
114,1058,137,1058,137,1090,114,1090,3
62,1057,76,1057,76,1089,62,1089,
484,1024,594,1024,594,1057,484,1057,42
250,1018,366,1018,366,1047,250,1047,BURGER
388,1020,406,1020,406,1051,388,1051,E
119,1015,231,1015,231,1043,119,1043,SHRIMP
65,1011,77,1011,77,1041,65,1041,1
484,976,601,976,601,1013,484,1013,17,000
194,969,217,969,217,1000,194,1000,L
236,969,253,969,253,1001,236,1001,E
117,963,178,963,178,999,117,999,PEP
64,963,80,963,80,997,64,997,1
482,928,601,928,601,968,482,968,27,000
120,920,159,920,159,952,120,952,FF
176,921,197,921,197,952,176,952,L
216,920,235,920,235,954,216,954,E
64,918,79,918,79,950,64,950,1
175,883,236,883,236,913,175,913,pcs
252,877,313,877,313,910,252,910,H&S
332,879,350,879,350,910,332,910,E
138,874,158,874,158,907,138,907,2
485,837,598,837,598,872,485,872,36
161,832,329,832,329,863,161,863,OR/HS/NSC
352,833,370,833,370,865,352,865,E
118,826,141,826,141,859,118,859,2
395,742,546,742,546,774,395,774,18.07:33
333,740,370,740,370,772,333,772,21
255,737,315,737,315,770,255,770,Jan
198,734,239,734,239,769,198,769,20
143,690,257,690,257,718,143,718,455795
65,684,126,684,126,719,65,719,Chk
623,605,686,605,686,640,623,640,VAN
547,604,605,604,605,637,547,637,THI
488,603,529,603,529,635,488,635,LY
452,600,471,600,471,635,452,635,2
105,593,180,593,180,625,105,625,POS1
69,591,85,591,85,624,69,624,1
498,510,594,510,594,543,498,543,121
427,516,440,516,440,540,427,540,
150,503,409,503,409,539,150,539,Storetd
609,419,688,419,688,457,609,457,Thuy
511,418,590,418,590,449,511,449,Xuan
378,415,492,415,492,451,378,451,HN
264,411,358,411,358,442,264,442,Plaza
75,409,241,409,241,444,75,444,Indochina
455,370,551,370,551,401,455,401,PLAZA
266,365,436,365,436,398,266,398,INDOCHINA
185,360,246,360,246,396,185,396,KFC
322,319,476,319,476,352,322,352,00773885
264,317,301,317,301,350,264,350,01
495,279,610,279,610,314,495,314,Trung
628,280,672,280,672,314,628,314,HN
436,274,477,274,477,308,436,308,Ba
359,273,417,273,417,306,359,306,Hai
228,271,340,271,340,306,228,306,Trieu
168,267,209,267,209,302,168,302,Ba
92,265,151,265,151,298,92,298,292
553,231,613,231,613,265,553,265,Nam
456,230,535,230,535,261,456,261,Viet
378,226,440,226,440,259,378,259,KFC
285,225,363,225,363,257,285,257,
228,223,268,223,268,257,228,257,LD
150,220,211,220,211,259,150,259,Cty
441,181,517,181,517,215,441,215,TIEN
343,180,422,180,422,211,343,211,TINH
229,178,325,178,325,208,229,208,PHIEU
521,138,671,138,671,167,521,167,18 49 03
458,135,496,135,496,167,458,167,21
382,133,441,133,441,166,382,166,Jan
323,131,366,131,366,164,323,164,20
266,130,308,130,308,163,266,163,AT
115,129,246,129,246,164,115,164,REPRINT
66,823,81,823,81,858,66,858,1