438,2064,455,2064,455,2075,438,2075,
403,2065,411,2065,411,2072,403,2072,
381,2064,399,2064,399,2074,381,2074,
482,2029,495,2029,495,2059,482,2059,H
471,1992,789,1992,789,2113,471,2113,
158,1992,498,1992,498,2111,158,2111,
701,1825,759,1825,759,1843,701,1843,sano
507,1819,583,1819,583,1843,507,1843,scued
772,1817,821,1817,821,1850,772,1850,day
625,1817,684,1817,684,1844,625,1844,thin
595,1819,624,1819,624,1844,595,1844,
375,1815,434,1815,434,1843,375,1843,will
260,1816,363,1816,363,1843,260,1843,invoice
213,1818,246,1818,246,1843,213,1843,ax
447,1815,481,1815,481,1845,447,1845,be
201,1814,213,1814,213,1841,201,1841,T
537,1778,583,1778,583,1804,537,1804,ong
594,1776,654,1776,654,1803,594,1803,ngay
317,1777,349,1777,349,1798,317,1798,sa
436,1772,493,1772,493,1797,436,1797,xuat
362,1772,420,1772,420,1797,362,1797,duoc
507,1771,535,1771,535,1799,507,1799,tr
260,1770,303,1770,303,1797,260,1797,don
197,1769,245,1769,245,1798,197,1798,Hoa
623,1724,685,1724,685,1760,623,1760,YOU)
523,1722,610,1722,610,1759,523,1759,(THANK
347,1724,407,1724,407,1752,347,1752,HANH
477,1724,510,1724,510,1753,477,1753,Oli
418,1723,465,1723,465,1753,418,1753,
257,1723,319,1723,319,1751,257,1751,CHAN
199,1722,245,1722,245,1752,199,1752,XIN
336,1725,347,1725,347,1750,336,1750,
226,1536,304,1536,304,1567,226,1567,Vion
169,1537,214,1537,214,1567,169,1567,Hoi
112,1537,158,1537,158,1566,112,1566,the
64,1537,100,1537,100,1566,64,1566,
832,1447,879,1447,879,1477,832,1477,100
287,1446,348,1446,348,1476,287,1476,mat
200,1443,274,1443,274,1478,200,1478,(lien
82,1446,131,1446,131,1475,82,1475,Tra
801,1447,828,1447,828,1482,801,1482,9
140,1445,185,1445,185,1475,140,1475,
84,1358,143,1358,143,1383,84,1383,Tien
831,1356,879,1356,879,1386,831,1386,BUD
787,1353,829,1353,829,1390,787,1390,51
156,1355,200,1355,200,1382,156,1382,nat
834,1269,880,1269,880,1295,834,1295,300
789,1267,829,1267,829,1299,789,1299,41
261,1265,333,1265,333,1292,261,1292,
142,1264,203,1264,203,1292,142,1292,TIEN
71,1264,130,1264,130,1292,71,1292,TUNG
216,1264,250,1264,250,1293,216,1293,
831,1224,878,1224,878,1250,831,1250,
791,1223,831,1223,831,1250,791,1250,37
291,1222,362,1222,362,1246,291,1246,
70,1219,131,1219,131,1251,70,1251,Tong
217,1221,275,1221,275,1246,217,1246,chua
141,1220,201,1220,201,1247,141,1247,tien
97,1180,129,1180,129,1200,97,1200,
836,1175,880,1175,880,1205,836,1205,
204,1180,213,1180,213,1201,204,1201,
142,1175,202,1175,202,1202,142,1202,thue
801,1175,829,1175,829,1207,801,1207,3
72,1176,97,1176,97,1199,72,1199,
815,1129,866,1129,866,1158,815,1158,75
90,1128,198,1128,198,1158,90,1158,
791,1127,813,1127,813,1157,791,1157,3
74,1091,130,1091,130,1116,74,1116,long
246,1091,277,1091,277,1112,246,1112,
215,1091,243,1091,243,1116,215,1116,
171,1092,201,1092,201,1111,171,1111,en
320,1089,337,1089,337,1111,320,1111,a
143,1087,171,1087,171,1109,143,1109,
288,1083,319,1083,319,1117,288,1117,gi
862,1081,879,1081,879,1111,862,1111,
89,997,271,997,271,1017,89,1017,
804,992,850,992,850,1022,804,1022,500
598,989,673,989,673,1022,598,1022,
777,992,800,992,800,1024,777,1024,7
512,994,523,994,523,1013,512,1013,1
322,949,406,949,406,973,322,973,TRUONG
73,949,141,949,141,973,73,973,TRUNG
202,948,260,948,260,976,202,976,DEVI
819,945,879,945,879,976,819,976,QUAT
777,948,806,948,806,976,777,976,10
156,947,190,947,190,976,156,976,
275,947,303,947,303,975,275,975,
87,906,210,906,210,926,87,926,
805,903,849,903,849,930,805,930,
219,903,275,903,275,928,219,928,
625,899,673,899,673,928,625,928,000
775,901,800,901,800,933,775,933,9
597,901,626,901,626,929,597,929,9
508,902,522,902,522,928,508,928,
290,857,405,857,405,883,290,883,MODIFILS
128,858,187,858,187,883,128,883,Binn
201,856,273,856,273,883,201,883,
68,856,115,856,115,885,68,885,
820,855,879,855,879,883,820,883,
117,860,129,860,129,883,117,883,
775,856,806,856,806,883,775,883,10
525,854,571,854,571,885,525,885,
465,854,511,854,511,885,465,885,DAN
421,854,448,854,448,883,421,883,V
86,813,268,813,268,835,86,835,
627,811,673,811,673,840,627,840,
584,811,627,811,627,842,584,842,24
805,811,849,811,849,838,805,838,800
759,810,799,810,799,843,759,843,
510,812,523,812,523,837,510,837,
484,768,640,768,640,790,484,790,
201,766,270,766,270,793,201,793,
127,766,188,766,188,794,127,794,CHUR
407,764,467,764,467,799,407,799,
304,765,402,765,402,794,304,794,
69,766,113,766,113,794,69,794,
643,767,671,767,671,789,643,789,
274,770,286,770,286,790,274,790,
819,763,879,763,879,794,819,794,
775,765,806,765,806,792,775,792,10
127,674,186,674,186,702,127,702,
732,672,806,672,806,702,732,702,Thanh
480,673,553,673,553,700,480,700,LIBING
68,673,113,673,113,703,68,703,SAN
819,671,880,671,880,703,819,703,TIEN
642,671,688,671,688,702,642,702,
582,670,631,670,631,704,582,704,BON
433,668,470,668,470,705,433,705,
156,630,226,630,226,660,156,660,hang
66,627,141,627,141,655,66,655,Khaci
127,586,200,586,200,613,127,613,ngan
298,585,390,585,390,611,298,611,
232,585,306,585,306,611,232,611,
67,581,113,581,113,610,67,610,Inu
203,537,301,537,301,563,203,563,
66,536,131,536,131,567,66,567,Buay
126,540,140,540,140,564,126,564,
717,535,790,535,790,562,717,562,16:07
642,535,700,535,700,564,642,564,
230,494,463,494,463,514,230,514,
109,492,159,492,159,521,109,521,
639,490,713,490,713,521,639,521,Ngay
172,492,219,492,219,517,172,517,don
732,488,859,488,859,521,732,521,11/20/2021
65,490,99,490,99,522,65,522,
642,384,655,384,655,396,642,396,
374,358,468,358,468,412,374,412,DON
495,356,585,356,585,412,495,412,BAN
257,357,349,357,349,412,257,412,HOA
614,361,641,361,641,385,614,385,
637,361,661,361,661,388,637,388,
597,315,628,315,628,335,597,335,vn
347,314,399,314,399,335,347,335,
510,310,564,310,564,335,510,335,inar
407,309,491,309,491,333,407,333,Aconci
258,309,331,309,331,336,258,336,site
197,307,243,307,243,338,197,338,Neb
567,308,590,308,590,336,567,336,t
452,265,590,265,590,285,452,285,031:02921
362,261,423,261,423,290,362,290,Thue
317,262,348,262,348,290,317,290,
270,260,303,260,303,291,270,291,Ha
304,214,433,214,433,246,304,246,
552,213,598,213,598,243,552,243,888
492,213,539,213,539,242,492,242,154
449,214,480,214,480,243,449,243,37
211,171,272,171,272,199,211,199,Kuan
654,166,724,166,724,200,654,200,Giay
478,166,546,166,546,200,478,200,Vung
375,166,464,166,464,196,375,196,P.Dich
286,166,352,166,352,198,286,198,Thuy
153,167,200,167,200,198,153,198,739
831,165,889,165,889,198,831,198,Noi
595,166,643,166,643,196,595,196,Cau
742,162,819,162,819,196,742,196,TP. Ha
565,166,593,166,593,196,565,196,1