184,1552,814,1552,814,1587,184,1587,
295,1372,373,1372,373,1407,295,1407,3201
857,1378,878,1378,878,1416,857,1416,A
223,1378,232,1378,232,1405,223,1405,
76,1371,215,1371,215,1408,76,1408,CASHIER
177,1323,394,1323,394,1356,177,1356,02437960191
142,1328,153,1328,153,1354,142,1354,
78,1318,137,1318,137,1356,78,1356,Tel
182,1281,197,1281,197,1307,182,1307,
222,1273,541,1273,541,1310,222,1310,infowk
78,1270,174,1270,174,1306,78,1306,Email
238,1231,279,1231,279,1259,238,1259,on
156,1230,220,1230,220,1259,156,1259,cam
77,1220,141,1220,141,1257,77,1257,Xin
302,1225,314,1225,314,1258,302,1258,
726,1192,734,1192,734,1215,726,1215,E
577,1177,662,1177,662,1215,577,1215,OTYS
859,1181,879,1181,879,1217,859,1217,
459,1176,555,1176,555,1211,459,1211,TOTAL
200,1173,300,1173,300,1208,200,1208,ITEMS
358,1174,397,1174,397,1212,358,1212,2
80,1171,180,1171,180,1206,80,1206,TOTAL
327,1084,338,1084,338,1112,327,1112,
760,1082,882,1082,882,1120,760,1120,81
200,1076,324,1076,324,1110,200,1110,CHANGE
81,1073,163,1073,163,1108,81,1108,CASH
766,1036,882,1036,882,1074,766,1074,19,000
80,1022,163,1022,163,1061,80,1061,CASH
765,911,886,911,886,976,765,976,19,000
80,895,228,895,228,968,80,968,PAYMENT
768,856,886,856,886,897,768,897,19,000
428,852,605,852,605,888,428,888,INTEMPRICE
228,848,403,848,403,885,228,885,EXEMPTION
85,847,206,847,206,881,85,881,SURTAX
766,778,892,778,892,848,766,848,2,000
85,769,246,769,246,839,85,839,DISCOUNT
761,699,893,699,893,770,761,770,21,000
85,689,188,689,188,763,85,763,TOTAL
770,600,891,600,891,640,770,640,2,000
188,591,248,591,248,633,188,633,031
112,589,172,589,172,632,112,632,IDC
773,551,892,551,892,592,773,592,10,000
493,548,610,548,610,586,493,586,10,000
113,543,393,543,393,579,113,579,038934588672026
676,552,688,552,688,584,676,584,
811,500,893,500,893,538,811,538,Slee
612,501,672,501,672,536,612,536,Lon
690,497,790,497,790,535,690,535,330ml
573,503,591,503,591,532,573,532,
450,497,552,497,552,532,450,532,chanh
291,495,371,495,371,531,291,531,Zero
171,493,268,493,268,532,171,532,Pepsi
389,494,433,494,433,534,389,534,2
90,492,154,492,154,529,90,529,002
775,451,895,451,895,492,775,492,11
494,449,615,449,615,485,494,485,1
113,445,390,445,390,480,113,480,78935
511,399,609,399,609,434,511,434,330m
333,398,411,398,411,431,333,431,Viet
175,396,312,396,312,430,175,430,Redbull
434,396,495,396,495,434,434,434,Ion
92,393,151,393,151,431,92,431,001
774,305,893,305,893,339,774,339,AMOUNT
633,301,697,301,697,342,633,342,OTY
512,298,615,298,615,336,512,336,PRICE
99,299,254,299,254,335,99,335,ITEMCODE
541,203,898,203,898,243,541,243,06:06POS:000
315,201,520,201,520,238,315,238,2020
102,198,213,198,213,237,102,237,[DATER
376,151,477,151,477,185,376,185,22:00
340,156,356,156,356,181,340,181,
216,150,317,150,317,183,216,183,09:00
96,146,196,146,196,184,96,184,OPEN:
280,103,460,103,460,138,280,138,INDOCHINA
101,102,255,102,255,135,101,135,K-MARKET
676,449,693,449,693,483,676,483,1