365,2085,469,2085,469,2116,365,2116,Vinid
607,2083,807,2083,807,2117,607,2117,01
488,2086,526,2086,526,2116,488,2116,1%
287,2082,347,2082,347,2122,287,2122,Tũy
187,2082,266,2082,266,2117,187,2117,Tich
544,2079,590,2079,590,2117,544,2117,từ
407,1987,565,1987,565,2019,407,2019,VINMARTH
225,1985,380,1985,380,2022,225,2022,VINMART
588,1980,670,1980,670,2015,588,2015,TOÀN
687,1977,768,1977,768,2015,687,2015,QUỐC
766,1936,828,1936,828,1972,766,1972,TẠI
268,1935,347,1935,347,1966,268,1966,TRAM
364,1931,427,1931,427,1972,364,1972,MẶT
165,1933,248,1933,248,1968,165,1968,HANG
444,1931,527,1931,527,1966,444,1966,HANG
684,1930,748,1930,748,1966,684,1966,GIA
585,1929,668,1929,668,1966,585,1966,GIẢM
542,1931,568,1931,568,1967,542,1967,A
265,1661,484,1661,484,1694,265,1694,0247
505,1662,659,1662,659,1691,505,1691,Nebsite
82,1660,240,1660,240,1696,82,1696,Hot
685,1660,903,1660,903,1693,685,1693,Vinmant
581,1610,646,1610,646,1646,581,1646,HỆN
741,1609,804,1609,804,1646,741,1646,LAI
406,1606,504,1606,504,1640,406,1640,KHÁCH
661,1605,725,1605,725,1646,661,1646,GẶP
183,1606,246,1606,246,1642,183,1642,CẤM
322,1604,389,1604,389,1643,322,1643,QUÝ
260,1605,309,1605,309,1644,260,1644,ON
521,1605,566,1605,566,1642,521,1642,VÀ
761,1515,840,1515,840,1539,761,1539,same
166,1512,302,1512,302,1543,166,1543,invoice
84,1513,143,1513,143,1542,84,1542,Tax
485,1512,601,1512,601,1542,485,1542,issued
321,1511,398,1511,398,1542,321,1542,Will
858,1509,920,1509,920,1547,858,1547,day
620,1511,740,1511,740,1542,620,1542,Within
417,1507,464,1507,464,1542,417,1542,be
559,1459,662,1459,662,1495,559,1495,trong
678,1457,762,1457,762,1495,678,1495,ngày
399,1456,463,1456,463,1492,399,1492,hóa
300,1455,381,1455,381,1492,300,1492,xuất
220,1454,284,1454,284,1493,220,1493,Chi
476,1453,543,1453,543,1493,476,1493,đơn
576,1311,919,1311,919,1343,576,1343,0043010010019167
138,1312,219,1312,219,1343,138,1343,tham
235,1307,337,1307,337,1343,235,1343,chiếu
80,1306,122,1306,122,1344,80,1344,SỐ
261,1262,453,1262,453,1295,261,1295,
158,1261,256,1261,256,1295,158,1295,tich
881,1264,896,1264,896,1290,881,1290,1
475,1256,577,1256,577,1296,475,1296,điếm)
80,1257,139,1257,139,1294,80,1294,
600,1214,919,1214,919,1246,600,1246,XXXXXXXXXXXXXXXX
78,1214,120,1214,120,1246,78,1246,ID
216,1212,315,1212,315,1243,216,1243,khach
335,1209,418,1209,418,1250,335,1250,hàng
135,1209,198,1209,198,1245,135,1245,thé
394,1114,457,1114,457,1145,394,1145,bao
658,1111,754,1111,754,1148,658,1148,GTGT)
237,1110,316,1110,316,1149,237,1149,(Giá
555,1110,638,1110,638,1143,555,1143,thuế
474,1109,538,1109,538,1149,474,1149,gồm
333,1108,377,1108,377,1146,333,1146,đã
255,1066,319,1066,319,1103,255,1103,LẠI
77,1060,158,1060,158,1097,77,1097,TIÊN
895,1063,919,1063,919,1096,895,1096,
175,1057,238,1057,238,1097,175,1097,TRẢ
176,1016,271,1016,271,1049,176,1049,VISA(
795,1015,916,1015,916,1045,795,1045,52.000
94,1011,156,1011,156,1048,94,1048,Thé
794,964,918,964,918,996,794,996,52.000
175,963,276,963,276,996,175,996,KHÁCH
75,961,157,961,157,998,75,998,TIỀN
294,958,358,958,358,998,294,998,TRẢ
175,911,257,911,257,948,175,948,TIÊN
73,911,156,911,156,949,73,949,TỔNG
872,915,899,915,899,948,872,948,
316,910,396,910,396,948,316,948,GIẢN
272,913,298,913,298,949,272,949,A
793,866,915,866,915,898,793,898,52.000
378,863,494,863,494,901,378,901,T
274,861,355,861,355,899,274,899,PHẢI
175,861,257,861,257,899,175,899,TIÊN
74,861,156,861,156,900,74,900,TỔNG
75,771,331,771,331,801,75,801,08936134363648
453,770,570,770,570,800,453,800,32
792,766,914,766,914,798,792,798,32.000
677,770,688,770,688,796,677,796,i
215,723,409,723,409,752,215,752,Mayonnaise
75,723,193,723,193,749,75,749,SIMPLY
553,721,690,721,690,751,553,751,Gạo Rang
712,720,792,720,792,754,712,754,230g
813,719,872,719,872,748,813,748,T24
433,716,532,716,532,753,433,753,Hương
72,671,333,671,333,703,72,703,89365
451,670,572,670,572,699,451,699,20.000
791,668,909,668,909,698,791,698,20
74,624,193,624,193,651,74,651,VINCOOK
590,619,672,619,672,654,590,654,300g
207,621,255,621,255,651,207,651,MT
271,618,351,618,351,649,271,649,Bánh
368,614,414,614,414,656,368,656,my
508,612,573,612,573,651,508,651,đen
428,611,491,611,491,656,428,656,gối
69,567,131,567,131,608,69,608,Mặt
147,565,232,565,232,606,147,606,hàng
630,568,672,568,672,602,630,602,SL
772,563,893,563,893,599,772,599,
487,562,555,562,555,606,487,606,giá
428,565,475,565,475,602,428,602,dn
751,471,910,471,910,502,751,502,09018145
650,472,744,472,744,503,650,503,NVBH
154,472,227,472,227,503,154,503,001
69,466,150,466,150,507,69,507,Quây
691,421,882,421,882,450,691,450,00191671
473,423,567,423,567,450,473,450,18:00
255,420,444,420,444,453,255,453,18/01/2021
234,427,245,427,245,451,234,451,
67,418,151,418,151,458,67,458,Ngày
164,417,230,417,230,453,164,453,bán
549,367,630,367,630,401,549,401,HĂNG
327,367,392,367,392,402,327,402,HÓA
469,366,532,366,532,402,469,402,BÁN
406,367,454,367,454,402,406,402,ON
494,274,742,274,742,313,494,313,
667,220,703,220,703,256,667,256,Từ Liêm
601,220,661,220,661,256,601,256,Nam
782,218,824,218,824,259,782,259,HN
567,219,597,219,597,257,567,257,
69,203,327,203,327,274,69,274,Vincommerce
442,215,494,215,494,256,442,256,Cau
497,213,559,213,559,256,497,256,Diễn
412,216,443,216,443,257,412,257,
456,167,527,167,527,198,456,198,Cowa
707,164,774,164,774,208,707,208,Tung
532,166,609,166,609,201,532,201,Tower
776,164,833,164,833,207,776,207,Man
615,165,663,165,663,201,615,201,
402,165,450,165,450,200,402,200,Toa
665,154,704,154,704,200,665,200,Ho
691,106,760,106,760,153,691,153,Tùng
761,106,820,106,820,153,761,153,Mậu
525,108,596,108,596,143,525,143,Cowa
475,108,523,108,523,144,475,144,HNI
412,106,472,106,472,145,412,145,VM
603,103,650,103,650,143,603,143,199
653,99,691,99,691,143,653,143,Hồ
708,222,777,222,777,259,708,259,1
674,668,687,668,687,697,674,697,1
277,1015,411,1015,411,1049,277,1049,1