185,1265,813,1265,813,1293,185,1293,
217,1091,229,1091,229,1117,217,1117,
292,1084,370,1084,370,1117,292,1117,3201
76,1083,209,1083,209,1119,76,1119,CASHIER
850,1087,874,1087,874,1126,850,1126,A
142,1044,150,1044,150,1067,142,1067,
175,1034,388,1034,388,1069,175,1069,024379601
77,1032,134,1032,134,1068,77,1068,Tel
218,985,535,985,535,1024,218,1024,infook
75,982,190,982,190,1019,75,1019,Email
154,943,217,943,217,970,154,970,cam
233,942,277,942,277,972,233,972,on
74,933,137,933,137,969,74,969,Xin
299,936,310,936,310,970,299,970,
716,900,727,900,727,926,716,926,
569,889,653,889,653,925,569,925,OTYS
456,889,551,889,551,922,456,922,TOTAL
197,888,296,888,296,920,197,920,ITEMS
75,886,173,886,173,920,75,920,TOTAL
772,798,869,798,869,831,772,831,8,000
74,787,157,787,157,823,74,823,CASH
769,670,870,670,870,736,769,736,8,000
74,664,213,664,213,728,74,728,PAYMENT
416,617,590,617,590,649,416,649,ATTEMPRICE
216,612,391,612,391,647,216,647,EXEMPTION
772,618,872,618,872,654,772,654,8,000
75,612,193,612,193,646,75,646,SURTAX
770,540,876,540,876,610,770,610,8,000
75,529,178,529,178,606,75,606,TOTAL
773,442,875,442,875,481,773,481,8,000
492,439,593,439,593,473,492,473,8,000
99,435,375,435,375,471,99,471,08893504950
734,392,874,392,874,433,734,433,Aquariu
354,386,436,386,436,425,354,425,
635,391,715,391,715,425,635,425,thao
536,388,615,388,615,425,536,425,Thao
460,390,517,390,517,423,460,423,The
239,387,332,387,332,422,239,422,) Nuoc
153,384,234,384,234,420,153,420,Coca
74,383,134,383,134,419,74,419,001
755,296,872,296,872,327,755,327,AMOUNT
612,291,678,291,678,329,612,329,QTY
495,292,593,292,593,325,495,325,PRICE
79,288,235,288,235,320,79,320,LITEMCODE
520,193,874,193,874,232,520,232,4
297,191,429,191,429,228,297,228,2021-0
83,187,195,187,195,225,83,225,IDATEI
355,140,445,140,445,176,355,176,22:0
196,140,297,140,297,173,196,173,09:00
320,146,337,146,337,175,320,175,
77,137,176,137,176,173,77,173,OPEN
259,92,433,92,433,124,259,124,INDOCHINA
78,91,236,91,236,122,78,122,KIMARKET
659,440,673,440,673,473,659,473,1
359,886,390,886,390,924,359,924,1
855,894,872,894,872,929,855,929,1